Current Memory Usage After Scheme Generation: 1MB
Peak Memory Usage After Scheme Generation: 4MB
isYfirst = 1, number of iterations = 28, g_k = 5
factors = 197, train samples = 11982, test samples = 1984
gammaUp = 10, gammaDown = -1, isInitZero = 1
batch = 8, slots = 131072, cnum = 25
HEAAN PARAMETER logQ: 4599
HEAAN PARAMETER logN: 18
------------------
Start Scheme generating...
Scheme generation time = 234931 ms
------------------
------------------
Start Polynomial generating...
Polynomial generation time = 64.936 ms
------------------
------------------
Start Encrypting zData...
zData encryption time = 327915 ms
------------------
------------------
Start Encrypting wData and vData...
wData and vData encryption time = 240391 ms
------------------
 !!! START 1 ITERATION !!! 
encWData.logq before: 4599
------------------
Start Enc NLGD
Enc NLGD time = 1.10393e+07 ms
------------------
encWData.logq after: 4456
----ENCRYPTED-----
w:-0.0565918,0.00437029,-0.00139966,0.0016485,0.00174992,0.000749407,0.0012548,-0.00119864,0.00396749,0.0030749,-0.00103028,-0.00148135,0.00164457,-0.00140711,0.000510717,-0.0010653,0.00851389,0.00310499,0.00213419,-0.00697342,-0.0126985,-0.0109085,-0.0129931,-0.00938054,-0.00354787,0.000879315,0.00282265,0.00236558,0.00100251,-0.00250846,-0.00246511,-0.00982745,-0.0580657,-0.15008,-0.264102,-0.283135,-0.161217,-0.0257002,0.0402636,0.0432225,0.0258971,0.00648262,-0.000774544,-0.00260246,-0.00260606,-0.0548391,-0.176063,-0.289435,-0.237003,-0.0699223,-0.0420447,-0.0270629,0.109699,0.159345,0.11342,0.0260626,0.00441398,0.00255525,-0.00280984,-0.04194,-0.0520045,0.0824397,0.320015,0.289759,-0.0697452,-0.257384,0.0195795,0.225275,0.170343,0.0421006,0.00521044,0.00125002,-0.00301774,0.00164994,0.0715197,0.289785,0.427234,0.0830641,-0.380805,-0.265596,0.192009,0.256211,0.114785,0.0241893,0.00181186,-0.00191689,0.00101321,0.00578945,0.0481898,0.104194,0.0625249,-0.14308,-0.250631,-0.0294543,0.0790222,0.0679683,0.0335761,0.00451178,0.00202363,-0.00119399,-0.00127852,-0.00297255,-0.00660442,-0.0386755,0.0328954,0.315128,0.342765,-0.0696438,-0.361375,-0.153483,-0.0130124,0.00244118,-0.000479883,-0.00154263,-0.00708897,-0.0283223,-0.00287097,0.147105,0.494168,0.661697,0.479936,0.00416757,-0.424875,-0.252703,-0.0445043,0.00249093,-0.00111278,-5.64767e-05,-0.0175515,-0.0926611,-0.0350535,0.28704,0.53716,0.362683,0.226842,-0.0794977,-0.360366,-0.21905,-0.0371039,-0.00197404,0.000891057,0.00338451,-0.0277846,-0.141441,-0.149523,0.0411007,0.14909,-0.00274425,-0.10558,-0.240713,-0.236435,-0.0968186,-0.00315385,-0.0011849,-0.00216185,-0.00119822,-0.0117491,-0.08414,-0.15697,-0.160881,-0.0815271,-0.0268933,-0.0327917,-0.0430622,-0.0197236,0.00554468,0.00585944,0.000391542,-0.000224647,0.000358807,-0.00289202,-0.0134719,-0.0251546,-0.0188944,0.0159514,0.0459639,0.0499421,0.0199933,0.00618355,0.0031579,-0.000825538,-0.00270768,0.000335593,-0.00156786,0.00254904,0.00288816,0.00033886,0.00106855,-0.00163531,-0.000365078,7.27319e-05,-0.00654457,0.00104184,-0.000919991,0.00220147,-4.15502e-05,0.000897121,
Correctness: 89.7681 %.
AUC: 0.965812
------------------
 !!! STOP 1 ITERATION !!! 
 !!! START 2 ITERATION !!! 
encWData.logq before: 4456
------------------
Start Enc NLGD
Enc NLGD time = 1.06871e+07 ms
------------------
encWData.logq after: 4293
----ENCRYPTED-----
w:-0.0318246,0.00255673,-0.00463044,-0.000782952,0.000618238,0.00225311,-0.00236873,0.00305921,0.00228336,-0.0015561,0.0018678,0.00148665,0.00333464,-0.00426313,-0.00371468,0.000342043,0.00080967,0.000432134,0.000482871,-0.00162226,-0.00613483,-0.00510186,-0.00810259,-0.00498134,-0.00335961,0.00420289,-0.000857639,0.0031136,0.00194464,0.000150104,-0.000766748,-0.00491089,-0.0277329,-0.0786371,-0.136656,-0.142161,-0.0811847,-0.0154689,0.0197886,0.0235157,0.0145278,0.00535307,-0.000673487,-0.000781166,-0.0064393,-0.0289304,-0.0844723,-0.146442,-0.121081,-0.0369581,-0.0213479,-0.0152404,0.055823,0.0763393,0.0541961,0.011786,0.00231319,0.00213773,-0.00495039,-0.0206386,-0.0269169,0.0414133,0.161369,0.145778,-0.0334707,-0.126332,0.011912,0.114878,0.0885887,0.0210347,0.00354137,0.00218855,-0.00029766,0.00207135,0.041494,0.145706,0.220402,0.0427791,-0.19647,-0.134874,0.0962258,0.129117,0.0620045,0.0151128,0.00817352,-0.00440105,0.00356108,-0.00180736,0.0222703,0.056948,0.0287033,-0.0742908,-0.123187,-0.0173859,0.040313,0.0359031,0.0172282,0.00494477,-0.00242201,0.00208493,0.00210098,-0.00334586,-0.00462111,-0.019431,0.017749,0.162082,0.17414,-0.0344174,-0.183378,-0.0778999,-0.00846534,0.00170654,0.00167856,0.00204505,-0.00422891,-0.0134693,0.000252577,0.0728305,0.253283,0.334477,0.244179,0.00392765,-0.212683,-0.129752,-0.0233797,-0.001195,-0.000700912,0.000686427,-0.0106503,-0.0457668,-0.0172099,0.148049,0.275123,0.183107,0.116496,-0.0407104,-0.183455,-0.107847,-0.0188259,-7.60074e-05,0.00384748,-0.00296484,-0.0143282,-0.0752121,-0.0816709,0.022108,0.0750989,-0.00375743,-0.0532156,-0.12622,-0.118892,-0.0493314,0.000666961,-0.000317523,0.00111179,-0.00220301,-0.00967236,-0.0395508,-0.0788054,-0.0785732,-0.0436683,-0.0145155,-0.0183678,-0.0166575,-0.0124331,-0.000802082,0.00154947,0.00269643,-0.00139473,0.0018472,0.00174407,-0.00365522,-0.011456,-0.0115799,0.00916976,0.0212031,0.02364,0.0116133,-0.000810504,0.00071866,-0.000175848,-0.00211792,0.000259525,-0.00415628,-0.00137676,0.00106912,0.000871894,0.00207796,-0.00169868,-0.00448426,-0.000775539,-0.000646183,0.00219205,0.00163466,0.0013539,-0.00131657,0.0032891,
Correctness: 89.7681 %.
AUC: 0.966029
------------------
 !!! STOP 2 ITERATION !!! 
 !!! START 3 ITERATION !!! 
encWData.logq before: 4293
------------------
Start Enc NLGD
Enc NLGD time = 1.05565e+07 ms
------------------
encWData.logq after: 4130
----ENCRYPTED-----
w:-0.0503299,-0.000617469,-0.00318658,0.00329794,-0.00250242,0.00245951,-0.00502963,0.00264754,0.00746719,-0.00378411,0.00309417,0.000821581,0.00352802,-0.00510324,-0.00184208,0.000474257,0.00124529,0.000846075,0.000753927,0.000522057,-0.0112772,-0.0123526,-0.0105289,-0.00592398,-0.00101052,0.00297834,0.00278884,0.00233802,0.00142018,-0.00328279,-0.00156581,-0.00756304,-0.0409033,-0.12458,-0.209736,-0.214808,-0.125286,-0.0201373,0.0312831,0.036959,0.0221526,0.0101553,0.00263895,-0.00231008,-0.0120039,-0.0391561,-0.136345,-0.227775,-0.188064,-0.0624385,-0.0324641,-0.0241858,0.087079,0.112245,0.0869593,0.0175275,0.00574378,0.00280517,-0.00806656,-0.03142,-0.0439958,0.0663287,0.253567,0.222334,-0.0568542,-0.196706,0.0173206,0.172173,0.132793,0.0332699,0.00453465,0.00311483,0.00163432,0.00496667,0.0629726,0.229663,0.343101,0.067495,-0.29975,-0.212597,0.145558,0.197369,0.0973967,0.0214842,0.00811667,-0.00641263,0.00272097,0.000692568,0.0347478,0.091482,0.0471567,-0.109713,-0.193243,-0.0275666,0.0565728,0.0541014,0.0315601,0.00698347,-0.00419574,0.00172762,0.00331881,-0.00490258,-0.00645593,-0.0250726,0.0298269,0.252285,0.27048,-0.0535563,-0.278481,-0.119421,-0.011746,0.000800099,0.00155076,0.00329912,-0.00514722,-0.020992,-0.00294083,0.117281,0.395929,0.520486,0.379422,-0.000682491,-0.329675,-0.20187,-0.0365312,0.000649027,-0.000677483,0.000935177,-0.0147416,-0.0741586,-0.0279007,0.230869,0.434603,0.287525,0.177651,-0.0676448,-0.28426,-0.162938,-0.0258728,-3.44852e-05,0.00337196,-0.00722904,-0.0232349,-0.120151,-0.128489,0.0325144,0.120681,-0.00509557,-0.0906679,-0.194243,-0.179396,-0.0704122,0.00191382,0.00175054,0.00193378,-0.00557512,-0.0127288,-0.0655,-0.125789,-0.130577,-0.0711948,-0.0178352,-0.0252569,-0.0263759,-0.0176899,0.000724095,0.00331107,0.00381479,-0.00131346,0.00328372,0.00246727,-0.00700267,-0.0203898,-0.0229294,0.00692436,0.033905,0.035958,0.0170345,-0.000342732,0.000535089,0.00100213,-0.00150262,0.00404061,-0.00546529,0.000156128,0.00276999,0.00213872,0.00276051,-0.00370755,-0.00415849,-0.00147704,-0.00284122,0.00481507,0.00168571,0.00212837,0.00129567,0.00829778,
Correctness: 89.869 %.
AUC: 0.967494
------------------
 !!! STOP 3 ITERATION !!! 
 !!! START 4 ITERATION !!! 
encWData.logq before: 4130
------------------
Start Enc NLGD
Enc NLGD time = 1.02585e+07 ms
------------------
encWData.logq after: 3967
----ENCRYPTED-----
w:-0.0647505,-0.00284031,-0.00232668,0.00152215,-0.00307617,0.00637621,-0.00221075,0.00614592,0.011207,-0.0054695,0.00284905,0.00162629,0.002454,-0.00684651,-0.00371198,0.00428132,0.0045901,-0.000541034,0.0039136,-0.00113138,-0.0140141,-0.0191409,-0.0164062,-0.00724948,-0.00171711,0.0012489,0.00634715,0.000421819,0.00371086,-0.00636929,0.000280924,-0.0102835,-0.0565979,-0.165674,-0.279626,-0.280878,-0.16167,-0.0244258,0.0394666,0.0450624,0.0291212,0.0135729,0.00402659,-0.00187054,-0.0145339,-0.0527686,-0.182692,-0.296281,-0.248489,-0.0817551,-0.0521655,-0.0351651,0.111337,0.15088,0.117115,0.0260633,0.00933503,0.00205325,-0.00957781,-0.0425097,-0.0565561,0.0925888,0.338042,0.296997,-0.0776628,-0.265881,0.0227836,0.223737,0.174952,0.0430723,0.00915957,0.00560493,0.00372057,0.00657057,0.0866593,0.313915,0.467651,0.0952958,-0.393778,-0.283039,0.192171,0.257792,0.125056,0.0292569,0.00593918,-0.0104237,0.00186099,0.00248565,0.0479474,0.124479,0.0653625,-0.141276,-0.251844,-0.0346808,0.0752814,0.0724587,0.0432633,0.00880879,-0.00247483,0.00240055,0.00342837,-0.00965722,-0.0095591,-0.0320266,0.0395818,0.33926,0.358286,-0.0721525,-0.368138,-0.160064,-0.00966994,-0.00120928,-0.000379896,0.0035657,-0.00663265,-0.0294738,-0.00567863,0.160525,0.533622,0.700611,0.504584,-0.00463425,-0.438046,-0.2659,-0.049043,0.00371183,-0.00348743,0.00417197,-0.0134217,-0.103814,-0.0418764,0.309859,0.587039,0.382003,0.232993,-0.0919123,-0.374178,-0.212048,-0.0278243,0.00130861,0.00562751,-0.0130021,-0.0313824,-0.160978,-0.172407,0.0440527,0.16322,-0.00358032,-0.125863,-0.260536,-0.236046,-0.0897204,0.00422272,0.00682677,0.00499703,-0.00599729,-0.0214527,-0.0928938,-0.175604,-0.175649,-0.095604,-0.0190528,-0.0269552,-0.031457,-0.0190486,9.33145e-05,0.00192396,0.00162353,0.000475691,0.00462022,-0.000888923,-0.0136941,-0.0268297,-0.0358677,0.0040898,0.0462057,0.0515046,0.024364,0.00202359,0.00212007,0.00327635,-0.00207929,0.00292678,-0.00341121,0.0050302,0.00454281,0.00207004,0.00477136,-0.00524196,-0.00520429,-0.0033916,-0.00654251,0.00453316,0.00383498,0.00759455,0.000837046,0.00997055,
Correctness: 90.0202 %.
AUC: 0.96879
------------------
 !!! STOP 4 ITERATION !!! 
 !!! START 5 ITERATION !!! 
encWData.logq before: 3967
------------------
Start Enc NLGD
Enc NLGD time = 1.02139e+07 ms
------------------
encWData.logq after: 3804
----ENCRYPTED-----
w:-0.0776382,-0.00451005,-0.0073431,0.00038319,-0.00369683,0.00668151,0.000502558,0.00401018,0.0142953,-0.00606216,0.00150473,0.00564953,0.00175577,-0.00809928,-0.00793618,0.00549074,0.0078016,-0.00366126,0.00446029,-0.00420024,-0.0155618,-0.0275548,-0.019646,-0.0115694,0.00284773,0.000444252,0.00771302,-0.000479228,0.00502079,-0.0066535,0.000628272,-0.0145168,-0.0678688,-0.202924,-0.342189,-0.341903,-0.193226,-0.0230637,0.0454085,0.0493296,0.0371276,0.0156774,0.00638983,-0.00156973,-0.0170534,-0.0683387,-0.226496,-0.362021,-0.299688,-0.0996105,-0.0683503,-0.0451633,0.131087,0.181418,0.140867,0.0358138,0.0140734,0.000602562,-0.00678005,-0.0522413,-0.0688401,0.117015,0.418421,0.362197,-0.102475,-0.330613,0.0258216,0.271455,0.215577,0.0481857,0.0118443,0.00955316,0.0028086,0.00549094,0.112949,0.392608,0.583464,0.120314,-0.483946,-0.350736,0.235337,0.315376,0.153038,0.0367501,0.00794839,-0.0123019,0.00105915,0.00849716,0.0630118,0.158096,0.0839706,-0.168639,-0.306433,-0.0435682,0.0898851,0.0907672,0.0580254,0.00931359,0.00141894,0.00356539,0.00120627,-0.016913,-0.012635,-0.041449,0.0493087,0.419946,0.442886,-0.0898897,-0.448873,-0.19269,-0.00586161,-0.00300353,0.0035494,0.00150841,-0.0109308,-0.0392472,-0.00768605,0.200445,0.665263,0.86359,0.619942,-0.0084785,-0.540501,-0.328276,-0.0561468,0.00522245,-0.00418429,0.00812193,-0.0158099,-0.132277,-0.0536857,0.384446,0.731593,0.473817,0.280657,-0.119068,-0.450597,-0.258748,-0.0308784,0.00348385,0.00630179,-0.0166786,-0.0403351,-0.202515,-0.211782,0.0542713,0.206231,-0.0074637,-0.160154,-0.318909,-0.282496,-0.110734,0.0066245,0.0104698,0.00761272,-0.00594416,-0.0282661,-0.119165,-0.225014,-0.227029,-0.114422,-0.0201477,-0.0273439,-0.0307718,-0.0212072,0.00116179,0.00106304,0.00345074,0.0038528,0.00476062,-0.00461399,-0.0236928,-0.0289613,-0.0502078,-0.000956995,0.0539206,0.0682638,0.0335833,0.00393181,0.00238999,0.000220319,-0.00662854,0.00256331,-0.00535295,0.0091994,0.0038409,0.00554474,0.00634036,-0.00355195,-0.0067869,-0.00436665,-0.0081669,0.0070421,0.00338869,0.0100697,0.000439104,0.0083856,
Correctness: 90.2218 %.
AUC: 0.970045
------------------
 !!! STOP 5 ITERATION !!! 
 !!! START 6 ITERATION !!! 
encWData.logq before: 3804
------------------
Start Enc NLGD
Enc NLGD time = 9.8258e+06 ms
------------------
encWData.logq after: 3641
----ENCRYPTED-----
w:-0.0865953,-0.00814313,-0.0114716,-0.00163981,-0.00199051,0.00738034,0.000679069,0.00269679,0.0191669,-0.00183592,0.00444559,0.00857318,0.00810381,-0.00847646,-0.00683987,0.00842676,0.0139626,-0.00425223,0.00271364,-0.0035241,-0.016775,-0.0289334,-0.0226041,-0.0143668,0.00171104,0.00151662,0.0101247,0.000424052,0.0054708,-0.00646011,-0.00104364,-0.0141449,-0.0766756,-0.237647,-0.400808,-0.394903,-0.217083,-0.0226881,0.0553023,0.0551554,0.0430994,0.020971,0.0090347,-0.00113645,-0.017346,-0.0808929,-0.262406,-0.417368,-0.346248,-0.114984,-0.0840369,-0.0572892,0.144255,0.208063,0.164032,0.0415254,0.0197806,-0.000859345,-0.00480848,-0.0637895,-0.0799457,0.137885,0.489592,0.41988,-0.121261,-0.383536,0.0286139,0.317665,0.253484,0.0545044,0.0149396,0.0113886,0.00358248,0.00467349,0.138262,0.470558,0.690416,0.141704,-0.569556,-0.40983,0.276867,0.370523,0.17677,0.0436407,0.00638989,-0.0156109,-0.00148364,0.0112558,0.0816099,0.187885,0.105279,-0.187133,-0.358455,-0.0543241,0.103155,0.110019,0.0734304,0.0117568,0.00541362,0.00737321,0.00102849,-0.0222856,-0.014371,-0.0508895,0.0596304,0.493345,0.516906,-0.108829,-0.528153,-0.224826,-0.00314379,-0.00132525,0.00473119,0.00265625,-0.00926772,-0.0445781,-0.00822867,0.240584,0.785312,1.01555,0.728942,-0.0162999,-0.638968,-0.383995,-0.0627383,0.00501035,-0.00233508,0.00835177,-0.0160204,-0.157511,-0.0636576,0.454036,0.868426,0.556512,0.320566,-0.147656,-0.520544,-0.299918,-0.0341884,0.00624566,0.00969672,-0.0209919,-0.0523711,-0.244001,-0.24759,0.0655136,0.244182,-0.0100358,-0.192432,-0.374214,-0.322561,-0.124263,0.0102382,0.0114462,0.00767662,-0.00918968,-0.0346213,-0.144466,-0.270218,-0.275683,-0.133057,-0.0185108,-0.0253273,-0.0291128,-0.0170354,-0.00147182,-0.00322827,0.00174649,0.00532176,0.00236214,-0.00537404,-0.031876,-0.0331763,-0.0658712,-0.0101943,0.0634592,0.0804403,0.045294,0.00438284,-0.00337159,-0.00402428,-0.0107096,0.00686824,-0.0103874,0.0144187,0.00284262,0.00613954,0.00814963,-0.00505354,-0.0103817,-0.00207342,-0.00792414,0.00992339,0.000458456,0.0138133,0.00464374,0.00910651,
Correctness: 90.4738 %.
AUC: 0.971059
------------------
 !!! STOP 6 ITERATION !!! 
 !!! START 7 ITERATION !!! 
encWData.logq before: 3641
------------------
Start Enc NLGD
Enc NLGD time = 9.77784e+06 ms
------------------
encWData.logq after: 3478
----ENCRYPTED-----
w:-0.0923053,-0.0125268,-0.016252,-0.00209335,-0.000201005,0.00647149,-0.000914017,0.00512072,0.0233607,-0.00135649,0.00673705,0.0110029,0.0201373,-0.01226,-0.00549314,0.00858634,0.0173128,-0.000598877,0.00272891,-0.00235784,-0.0158636,-0.0332439,-0.0255141,-0.0156652,0.00303631,0.00398566,0.00598427,0.000271906,0.00784692,-0.00345486,-0.00304938,-0.0178971,-0.0838221,-0.270223,-0.45728,-0.442672,-0.242449,-0.0211554,0.05999,0.0590717,0.0522031,0.0233902,0.0117841,0.000595845,-0.0171743,-0.0930786,-0.298443,-0.467169,-0.386123,-0.128104,-0.0975513,-0.067411,0.157335,0.229901,0.182673,0.0452108,0.0282499,-0.00305253,-0.00288374,-0.0706338,-0.0892388,0.160216,0.560685,0.468217,-0.141226,-0.438081,0.0313775,0.356559,0.287018,0.0645658,0.0161414,0.0126605,0.0058914,0.00401452,0.1648,0.546783,0.792748,0.164795,-0.647839,-0.464189,0.313475,0.422612,0.201601,0.0519323,0.00552295,-0.0182178,-0.00608507,0.015696,0.0983039,0.220089,0.124606,-0.204751,-0.403112,-0.0639111,0.115584,0.126911,0.0926237,0.015758,0.0129449,0.00961793,-0.000873373,-0.0297976,-0.0160848,-0.0555261,0.0720476,0.564352,0.584417,-0.128582,-0.596278,-0.255016,0.000864282,0.000384169,0.00381287,0.00944477,-0.00605492,-0.0488758,-0.0106451,0.280892,0.895918,1.15856,0.829414,-0.0257224,-0.728567,-0.434067,-0.0680441,0.00497048,-0.00412752,0.0098613,-0.0204556,-0.179765,-0.0757836,0.521531,0.998759,0.63321,0.355376,-0.178185,-0.583473,-0.33647,-0.0358402,0.00681504,0.0118059,-0.0258007,-0.063686,-0.283839,-0.282887,0.0771151,0.279781,-0.011832,-0.223885,-0.426395,-0.359745,-0.137678,0.0129222,0.0107144,0.0112325,-0.0131284,-0.0427938,-0.167713,-0.312997,-0.321763,-0.149447,-0.0142633,-0.021359,-0.0235162,-0.00889113,0.00157568,-0.00185189,-0.000281734,0.00924829,-0.00157699,-0.00730817,-0.0339845,-0.0425481,-0.0803834,-0.0177651,0.0688088,0.0950896,0.0544325,0.00308624,-0.00342958,-0.00824514,-0.0120283,0.0103404,-0.0150316,0.018811,0.00385119,0.00554928,0.0122352,-0.00809793,-0.0136391,0.00201226,-0.0106464,0.0163289,-0.00385526,0.0160813,0.00940012,0.00858518,
Correctness: 90.9778 %.
AUC: 0.972114
------------------
 !!! STOP 7 ITERATION !!! 
 !!! START 8 ITERATION !!! 
encWData.logq before: 3478
------------------
Start Enc NLGD
Enc NLGD time = 9.54096e+06 ms
------------------
encWData.logq after: 3315
----ENCRYPTED-----
w:-0.0971083,-0.0106405,-0.019839,-0.00154027,0.00271863,0.00417103,-0.00571668,0.00722154,0.0270886,0.00527902,0.00774608,0.0115789,0.0267118,-0.0176598,-0.00552469,0.00987816,0.0228668,0.000914853,0.00406468,-0.00382091,-0.0172688,-0.0398498,-0.0259645,-0.0178794,0.00695228,0.00578359,0.00164731,-0.000493372,0.0082419,-0.00572301,-0.00733423,-0.0217542,-0.0874714,-0.301039,-0.504046,-0.484856,-0.268699,-0.0205727,0.0596897,0.0601695,0.063098,0.0244961,0.0129288,0.00288424,-0.0185615,-0.106498,-0.330823,-0.511987,-0.419506,-0.144589,-0.111989,-0.0786873,0.172856,0.249734,0.200648,0.0520746,0.035245,-0.00125613,-0.000642508,-0.0802692,-0.0961759,0.17958,0.628435,0.511596,-0.164022,-0.488038,0.0313557,0.389864,0.316467,0.0738869,0.0193349,0.0153082,0.00986733,0.00402406,0.186682,0.618199,0.889027,0.188088,-0.718201,-0.515512,0.347332,0.464122,0.226515,0.0588671,0.00800658,-0.0218808,-0.0081983,0.0177444,0.115576,0.250554,0.141053,-0.22412,-0.441637,-0.0729693,0.124566,0.137826,0.114603,0.0203988,0.0202885,0.0121425,-0.000824535,-0.0367718,-0.0160986,-0.057784,0.0871882,0.628361,0.647402,-0.147765,-0.661508,-0.285401,0.0031449,0.000296013,0.00391356,0.015133,-0.00359006,-0.0558702,-0.0138822,0.31705,1.00098,1.29125,0.921673,-0.0318988,-0.808657,-0.479259,-0.0713298,0.00364367,-0.00777338,0.0110391,-0.0261281,-0.201749,-0.0871826,0.583166,1.12429,0.703137,0.384804,-0.210583,-0.638422,-0.370503,-0.0383385,0.00891405,0.0140919,-0.0292738,-0.0755965,-0.323435,-0.315836,0.0866895,0.313933,-0.0144672,-0.255027,-0.473319,-0.393847,-0.152357,0.0160936,0.00789635,0.0132804,-0.0154545,-0.0485191,-0.19131,-0.350648,-0.363545,-0.163149,-0.00725249,-0.0166209,-0.0176452,-0.00200253,0.00254174,-0.00211052,-0.00176103,0.0128548,-0.0020812,-0.00862135,-0.0381054,-0.0539122,-0.0942177,-0.0230527,0.0703791,0.108806,0.0618605,0.00310817,-0.00516114,-0.00898809,-0.0123892,0.0128864,-0.0179974,0.022576,0.00521262,0.00886376,0.0144342,-0.00743059,-0.0201273,0.00207989,-0.0129313,0.0208965,-0.00559021,0.0175423,0.0164705,0.00374497,
Correctness: 91.129 %.
AUC: 0.973006
------------------
 !!! STOP 8 ITERATION !!! 
 !!! START 9 ITERATION !!! 
encWData.logq before: 3315
------------------
Start Enc NLGD
Enc NLGD time = 9.38422e+06 ms
------------------
encWData.logq after: 3152
----ENCRYPTED-----
w:-0.103725,-0.00889277,-0.0249505,0.00179811,0.00630793,-0.000251786,-0.0115978,0.00866794,0.0310032,0.0122065,0.0114191,0.0150296,0.0299083,-0.0243229,-0.00354302,0.00803705,0.023749,0.00356094,0.00594362,-0.00460437,-0.0184973,-0.0425937,-0.0275505,-0.0189212,0.0108233,0.00434259,0.00122015,-0.00164665,0.0110401,-0.00628146,-0.0104049,-0.0261863,-0.0882853,-0.329086,-0.546686,-0.526192,-0.289364,-0.0219423,0.0599185,0.0602546,0.0728046,0.0259993,0.0171322,0.000532725,-0.0200588,-0.119722,-0.360579,-0.555153,-0.44896,-0.159389,-0.125861,-0.0894438,0.18579,0.269308,0.217537,0.0545455,0.0419385,-0.000301966,0.00197791,-0.0911191,-0.102784,0.199428,0.693116,0.552488,-0.185576,-0.533572,0.0299846,0.416309,0.341928,0.0801914,0.0215376,0.018484,0.0105086,0.00406809,0.207732,0.683504,0.982146,0.212898,-0.784388,-0.561312,0.377394,0.500754,0.246475,0.0672201,0.00647404,-0.0247841,-0.0106027,0.0175795,0.136224,0.279373,0.160248,-0.238742,-0.473791,-0.082539,0.134217,0.150114,0.136343,0.0218037,0.0242392,0.0105334,-0.00476623,-0.0412839,-0.0171682,-0.0642831,0.0954445,0.68382,0.706963,-0.166973,-0.723615,-0.314127,0.00573125,0.00233539,0.00866814,0.0165672,-0.0045947,-0.0639676,-0.0196343,0.349939,1.09909,1.41394,1.00673,-0.0369382,-0.882559,-0.522187,-0.0752045,-4.47506e-05,-0.0113923,0.0144103,-0.0272225,-0.223194,-0.0959389,0.641953,1.24455,0.770278,0.408903,-0.247941,-0.690302,-0.403067,-0.0384947,0.0125658,0.0159295,-0.0317004,-0.0897894,-0.362963,-0.347301,0.0963237,0.343955,-0.0169409,-0.290462,-0.52082,-0.421415,-0.1639,0.0181508,0.00569095,0.0117445,-0.0149097,-0.0535995,-0.213355,-0.389538,-0.403754,-0.173412,0.00100933,-0.00824673,-0.00870787,0.00617709,0.00335487,0.00125988,0.00118668,0.0183216,-0.00196732,-0.00628894,-0.0437729,-0.061736,-0.109526,-0.0284401,0.0687348,0.126318,0.0691623,0.00474583,-0.00396062,-0.0112619,-0.0144244,0.0123745,-0.0166147,0.0253966,0.0105092,0.0110836,0.0164885,-0.0060518,-0.0237276,0.00187665,-0.0162274,0.0253244,-0.00745351,0.0196142,0.0251752,0.00342365,
Correctness: 91.2298 %.
AUC: 0.973936
------------------
 !!! STOP 9 ITERATION !!! 
 !!! START 10 ITERATION !!! 
encWData.logq before: 3152
------------------
Start Enc NLGD
Enc NLGD time = 8.72182e+06 ms
------------------
encWData.logq after: 2989
----ENCRYPTED-----
w:-0.104772,-0.00383134,-0.0291663,0.00447951,0.00490115,-0.0060658,-0.0144734,0.0108933,0.0367275,0.0171394,0.0143671,0.0187335,0.0335923,-0.0308369,-0.00132096,0.0064468,0.0276774,0.00675511,0.00727093,-0.00238545,-0.0210782,-0.043513,-0.0279119,-0.022817,0.0152696,0.000481197,0.0031954,-0.000650243,0.0165806,-0.00713895,-0.0128355,-0.0264545,-0.0905054,-0.355267,-0.588494,-0.566739,-0.306385,-0.0212431,0.0605515,0.0621245,0.0852711,0.0248413,0.0209066,-0.00589981,-0.0229696,-0.132915,-0.39182,-0.591895,-0.473593,-0.170803,-0.144798,-0.102431,0.197507,0.289445,0.230497,0.0574578,0.0499887,-0.00364542,0.00424304,-0.102862,-0.108793,0.218803,0.750662,0.590421,-0.203741,-0.577235,0.0285676,0.440608,0.36567,0.0878035,0.0193314,0.0219275,0.0174812,0.00479921,0.226844,0.745315,1.07102,0.237081,-0.843024,-0.602394,0.405052,0.532543,0.264441,0.0717419,0.00714286,-0.0248411,-0.0149852,0.0194223,0.154932,0.309491,0.176472,-0.250409,-0.501826,-0.0959555,0.144189,0.161903,0.159287,0.0217184,0.0293433,0.00769877,-0.00710734,-0.0474467,-0.0192481,-0.0673606,0.101618,0.740141,0.765451,-0.185952,-0.780276,-0.340089,0.00997014,0.00699858,0.0121722,0.0205012,-0.00400916,-0.0648466,-0.0232422,0.37784,1.19634,1.53445,1.08287,-0.0428324,-0.947808,-0.562666,-0.0751496,-0.00420502,-0.0120992,0.0145472,-0.0312243,-0.249462,-0.105308,0.69652,1.35685,0.832473,0.42995,-0.283816,-0.731669,-0.431759,-0.0378271,0.0148354,0.0147147,-0.0340164,-0.103544,-0.401739,-0.375627,0.104142,0.374221,-0.0172252,-0.327585,-0.567218,-0.445662,-0.177361,0.0198819,0.00410697,0.0109331,-0.0134014,-0.0581786,-0.234999,-0.429313,-0.441906,-0.185285,0.00636197,0.00567674,-0.00048635,0.0161801,0.0030743,0.00514148,0.00438233,0.0257626,0.000822171,-0.00238812,-0.0518699,-0.0677941,-0.124112,-0.033998,0.0687683,0.140967,0.0684841,0.00491338,-0.00367049,-0.00958657,-0.0138909,0.0128236,-0.0169636,0.0310428,0.0134811,0.014477,0.015738,-0.00519722,-0.0251585,0.000566787,-0.0143612,0.0355405,-0.0100222,0.0244705,0.0292414,0.0025517,
Correctness: 91.381 %.
AUC: 0.974734
------------------
 !!! STOP 10 ITERATION !!! 
 !!! START 11 ITERATION !!! 
encWData.logq before: 2989
------------------
Start Enc NLGD
Enc NLGD time = 8.85786e+06 ms
------------------
encWData.logq after: 2826
----ENCRYPTED-----
w:-0.105394,0.00321779,-0.0360941,0.00708533,0.00706249,-0.0121418,-0.0172645,0.00729085,0.0438165,0.0213345,0.0192528,0.0208929,0.0363738,-0.0347315,0.00273423,0.004562,0.0334263,0.0111319,0.00800558,-0.00255467,-0.0266492,-0.045714,-0.0278451,-0.0307559,0.0200912,-0.00214593,0.00456898,0.00483272,0.0172208,-0.0107905,-0.0145091,-0.023347,-0.0915177,-0.382221,-0.625401,-0.601888,-0.317037,-0.0228925,0.0620845,0.0645142,0.0983893,0.0245868,0.0261867,-0.0106196,-0.0268867,-0.142769,-0.418865,-0.630033,-0.490999,-0.181413,-0.16391,-0.115271,0.205526,0.303518,0.24304,0.0582449,0.0618076,-0.00684876,0.0034151,-0.111593,-0.107602,0.243075,0.803115,0.623819,-0.22157,-0.616531,0.0238183,0.460141,0.389955,0.0927095,0.0197323,0.0245698,0.0240189,0.00506148,0.246069,0.801336,1.1572,0.262796,-0.895626,-0.641515,0.430519,0.560131,0.281692,0.0765204,0.0119432,-0.0259324,-0.0188263,0.0218547,0.174298,0.336843,0.192535,-0.256203,-0.528403,-0.10349,0.151814,0.175435,0.18517,0.0228646,0.0369406,0.00440698,-0.00868613,-0.0485782,-0.0210455,-0.0702799,0.110392,0.794679,0.822438,-0.203296,-0.834165,-0.365748,0.0127137,0.00642626,0.016412,0.0283941,-0.00612538,-0.0691857,-0.0283421,0.406097,1.29147,1.64567,1.15659,-0.0512602,-1.0055,-0.599757,-0.0754398,-0.00850954,-0.0103111,0.0139064,-0.0346991,-0.275115,-0.112414,0.748883,1.46267,0.891941,0.448437,-0.320177,-0.766823,-0.456859,-0.0382978,0.015693,0.0166885,-0.0347259,-0.119649,-0.436727,-0.39855,0.112344,0.401832,-0.0154155,-0.362607,-0.613085,-0.466698,-0.189091,0.0195297,0.000644899,0.0111781,-0.0130723,-0.0646753,-0.2559,-0.466724,-0.476969,-0.193386,0.0112746,0.0187806,0.012163,0.0248391,0.00446295,0.00414359,0.00813624,0.0330821,0.00105436,-0.00323074,-0.0612515,-0.0690683,-0.139549,-0.0425803,0.0662556,0.153096,0.0702896,0.00558988,0.000149535,-0.00549588,-0.0151045,0.00993576,-0.0222806,0.0396482,0.0206785,0.0160501,0.0152508,-0.00485114,-0.0274404,-0.00635447,-0.0175305,0.0437511,-0.0134228,0.0259361,0.0333518,0.000191933,
Correctness: 91.5827 %.
AUC: 0.97556
------------------
 !!! STOP 11 ITERATION !!! 
 !!! START 12 ITERATION !!! 
encWData.logq before: 2826
------------------
Start Enc NLGD
Enc NLGD time = 8.73025e+06 ms
------------------
encWData.logq after: 2663
----ENCRYPTED-----
w:-0.106009,0.00822414,-0.0415911,0.00827702,0.00959331,-0.014718,-0.0206869,0.00688209,0.0540743,0.0224994,0.0210513,0.0242763,0.0398084,-0.0338024,0.00689672,0.00291005,0.0411743,0.0161962,0.00390066,-0.00213561,-0.0332804,-0.0471573,-0.0278366,-0.0406882,0.0248068,-0.00307991,0.00833235,0.00946496,0.0158582,-0.0180764,-0.016735,-0.0238477,-0.0882885,-0.404152,-0.659694,-0.631187,-0.328806,-0.0231925,0.0671247,0.0691683,0.11123,0.0239046,0.0263312,-0.0119419,-0.0259118,-0.151961,-0.447126,-0.664356,-0.506573,-0.192844,-0.1771,-0.127018,0.21055,0.313328,0.253515,0.0570466,0.0720477,-0.00470212,0.004616,-0.118337,-0.107097,0.269794,0.85302,0.656431,-0.237774,-0.65425,0.0241397,0.475933,0.412463,0.091304,0.0202596,0.0255325,0.0324137,0.00549031,0.264366,0.854096,1.23623,0.288528,-0.941355,-0.675458,0.458047,0.588135,0.297433,0.0810712,0.016804,-0.028618,-0.0219867,0.0269672,0.195132,0.365875,0.208322,-0.261056,-0.54965,-0.111154,0.157082,0.189617,0.208113,0.0217813,0.0431457,0.00126411,-0.00803903,-0.0501824,-0.0213795,-0.0744252,0.119637,0.849152,0.877862,-0.219978,-0.881642,-0.392101,0.0173106,0.0082491,0.0206723,0.0360617,-0.00767899,-0.0744601,-0.0336685,0.431741,1.37994,1.74932,1.22566,-0.0586821,-1.06123,-0.634253,-0.0754534,-0.0143456,-0.0126561,0.0125338,-0.036555,-0.298971,-0.118129,0.800278,1.56262,0.944054,0.461499,-0.356187,-0.796426,-0.479486,-0.0368425,0.0145869,0.0185819,-0.0363443,-0.13121,-0.468057,-0.418346,0.117757,0.429251,-0.0159406,-0.39784,-0.657437,-0.483765,-0.200268,0.0263701,-0.000862192,0.011081,-0.00705269,-0.0713641,-0.276012,-0.503875,-0.513328,-0.198867,0.0142615,0.0367613,0.0210429,0.0355623,0.00848828,0.0015197,0.012344,0.0362566,-0.00196556,-0.00663881,-0.0659726,-0.0706411,-0.155471,-0.0473503,0.0666627,0.164643,0.0693143,0.00829019,0.00948409,0.00123036,-0.016643,0.00688545,-0.0245243,0.0499182,0.0285477,0.0152502,0.0196005,-0.00508472,-0.031102,-0.0141929,-0.0173445,0.0520871,-0.0148257,0.0255458,0.0349273,1.06826e-05,
Correctness: 91.7843 %.
AUC: 0.976338
------------------
 !!! STOP 12 ITERATION !!! 
 !!! START 13 ITERATION !!! 
encWData.logq before: 2663
------------------
Start Enc NLGD
Enc NLGD time = 8.40984e+06 ms
------------------
encWData.logq after: 2500
----ENCRYPTED-----
w:-0.103419,0.0131714,-0.0434765,0.00713221,0.0123617,-0.016316,-0.0234984,0.00579129,0.0637455,0.0228035,0.0213283,0.0239868,0.0453717,-0.0350381,0.0118087,-0.000796,0.0507762,0.0228124,0.000490421,-0.00364592,-0.0394632,-0.0480252,-0.0239741,-0.0489882,0.0311805,-0.00528501,0.0107832,0.00955488,0.0143459,-0.022881,-0.0173468,-0.0256827,-0.0818068,-0.422693,-0.687888,-0.655916,-0.335494,-0.024292,0.0741716,0.0726728,0.123618,0.0227208,0.0242184,-0.0110296,-0.0265326,-0.158961,-0.472837,-0.692234,-0.517101,-0.206242,-0.1881,-0.137298,0.213932,0.318877,0.266618,0.053451,0.0863757,-0.000686653,0.00437406,-0.125949,-0.1044,0.296254,0.898863,0.687184,-0.251386,-0.692509,0.0242181,0.484595,0.434358,0.0898482,0.0215014,0.028355,0.0406391,0.00821189,0.283402,0.906295,1.31017,0.318004,-0.983967,-0.706367,0.487793,0.618988,0.312741,0.0870195,0.0229018,-0.0324457,-0.0194151,0.0297603,0.214994,0.395077,0.225594,-0.26003,-0.5663,-0.123337,0.159311,0.205014,0.221585,0.0197653,0.0454039,-0.00361636,-0.00883197,-0.0537509,-0.0230285,-0.0774193,0.130864,0.899264,0.927586,-0.239834,-0.923933,-0.414045,0.0217747,0.0083192,0.0284831,0.0437341,-0.00648278,-0.079783,-0.0341576,0.455162,1.46514,1.8471,1.28911,-0.0672384,-1.11305,-0.668336,-0.0709264,-0.0215935,-0.0156594,0.0101525,-0.0382351,-0.320234,-0.127624,0.851604,1.65525,0.991809,0.475057,-0.393726,-0.818162,-0.499716,-0.0348834,0.0145643,0.020669,-0.0422982,-0.138166,-0.495295,-0.438403,0.12561,0.457465,-0.016925,-0.429255,-0.701021,-0.500276,-0.20732,0.0361951,0.00127438,0.00839944,0.000173931,-0.0749838,-0.295562,-0.539098,-0.545368,-0.201219,0.0146583,0.0545649,0.0272045,0.0486943,0.0116181,0.00253563,0.0174499,0.0400198,-0.00592979,-0.0082993,-0.0714339,-0.0741351,-0.17173,-0.0528236,0.0672475,0.177535,0.0703142,0.0119296,0.0187168,0.0106696,-0.0193232,0.00473075,-0.0270399,0.0621552,0.0372116,0.0140057,0.0254739,-0.00454427,-0.0311557,-0.0193986,-0.0186996,0.0606797,-0.0147341,0.0249921,0.0387279,-0.00138853,
Correctness: 91.9355 %.
AUC: 0.977075
------------------
 !!! STOP 13 ITERATION !!! 
 !!! START 14 ITERATION !!! 
encWData.logq before: 2500
------------------
Start Enc NLGD
Enc NLGD time = 8.2613e+06 ms
------------------
encWData.logq after: 2337
----ENCRYPTED-----
w:-0.0977685,0.0125157,-0.0431973,0.00904102,0.0136252,-0.0171302,-0.0236518,0.00491734,0.0745845,0.0235593,0.0208364,0.0289251,0.0503261,-0.0359078,0.0157953,-0.00203417,0.0596539,0.0275615,-0.00402857,-0.0031954,-0.0434514,-0.0480878,-0.0185354,-0.055538,0.0395343,-0.00594081,0.0142534,0.0108541,0.0142274,-0.026722,-0.0191896,-0.0283656,-0.0749565,-0.443166,-0.712392,-0.679579,-0.341321,-0.0265987,0.0799972,0.0762604,0.138404,0.0172494,0.0186044,-0.0105329,-0.0270543,-0.161866,-0.500022,-0.717242,-0.524567,-0.218184,-0.200752,-0.145022,0.216523,0.320185,0.278002,0.0512964,0.103092,0.00394273,0.00430519,-0.1369,-0.107571,0.320112,0.941253,0.714034,-0.264285,-0.728657,0.027018,0.491351,0.451727,0.0891543,0.022114,0.029881,0.0509114,0.00985977,0.30066,0.959404,1.38189,0.344762,-1.02407,-0.730251,0.514074,0.648872,0.325354,0.0925677,0.0287658,-0.0350951,-0.0139753,0.0296075,0.237293,0.421873,0.248216,-0.259753,-0.583015,-0.136006,0.157676,0.21812,0.230262,0.0172118,0.0478088,-0.014752,-0.00538628,-0.054587,-0.0272965,-0.0831844,0.140543,0.940218,0.972678,-0.257961,-0.965636,-0.436382,0.0292946,0.00643377,0.0381187,0.0492022,-0.00628421,-0.0843426,-0.031958,0.480798,1.5418,1.93528,1.34899,-0.0769378,-1.1613,-0.693275,-0.0665699,-0.0272037,-0.0170835,0.0113716,-0.0378181,-0.343504,-0.135397,0.899845,1.74066,1.03751,0.483951,-0.429362,-0.838227,-0.515159,-0.0310702,0.013093,0.0238831,-0.0464414,-0.143156,-0.520803,-0.457989,0.131949,0.485426,-0.0181968,-0.458375,-0.744527,-0.516036,-0.213615,0.0476468,0.00606349,0.00859902,0.00518221,-0.0786277,-0.31335,-0.573903,-0.580408,-0.20462,0.0152183,0.0716618,0.0319566,0.0617972,0.0145454,0.00164747,0.0219449,0.0460326,-0.00838908,-0.00894799,-0.0719903,-0.0795993,-0.188887,-0.0586698,0.0677052,0.194705,0.071047,0.0154637,0.0215695,0.0189617,-0.0251352,0.00158349,-0.032207,0.073299,0.0413582,0.0136751,0.0301832,-0.00394654,-0.0317687,-0.0222305,-0.0183806,0.0740011,-0.0146613,0.0235475,0.0420585,0.000325187,
Correctness: 92.1371 %.
AUC: 0.977748
------------------
 !!! STOP 14 ITERATION !!! 
 !!! START 15 ITERATION !!! 
encWData.logq before: 2337
------------------
Start Enc NLGD
Enc NLGD time = 8.26321e+06 ms
------------------
encWData.logq after: 2174
----ENCRYPTED-----
w:-0.0941634,0.0130585,-0.04015,0.0124313,0.0181039,-0.0162558,-0.0258432,0.00743703,0.087832,0.0235555,0.0196032,0.0329715,0.0553452,-0.0378014,0.0184653,-0.0039227,0.0699209,0.0312331,-0.00315517,-0.00308195,-0.046761,-0.0491333,-0.0144436,-0.0601307,0.0482128,-0.00560127,0.0168714,0.0137853,0.0134897,-0.028936,-0.0218364,-0.0315609,-0.066646,-0.46092,-0.735674,-0.698354,-0.34391,-0.029375,0.0854776,0.0800344,0.157414,0.0137498,0.0154867,-0.00738782,-0.0266945,-0.166172,-0.526085,-0.74097,-0.524951,-0.223691,-0.212439,-0.154096,0.216113,0.318451,0.288089,0.052921,0.121586,0.00898553,0.00267081,-0.147444,-0.1057,0.343406,0.98161,0.740452,-0.273394,-0.762022,0.0307003,0.498103,0.468267,0.0857885,0.0237491,0.032132,0.0612132,0.01112,0.321867,1.01121,1.44592,0.36893,-1.06323,-0.756977,0.542181,0.673455,0.338034,0.0979089,0.0352248,-0.0344593,-0.0120689,0.0307754,0.261671,0.449496,0.271011,-0.255779,-0.595343,-0.146107,0.152435,0.230273,0.238801,0.0126552,0.0518379,-0.0241856,0.000946158,-0.0555428,-0.0296327,-0.0877956,0.150398,0.980463,1.01325,-0.276812,-1.00464,-0.45599,0.0314331,0.00711717,0.0484028,0.0570589,-0.00329945,-0.0901361,-0.0308287,0.510572,1.61838,2.01886,1.40304,-0.0885964,-1.20586,-0.715675,-0.0636479,-0.0303529,-0.019139,0.0117103,-0.0367698,-0.369043,-0.145175,0.946961,1.82099,1.0824,0.489899,-0.463107,-0.858789,-0.532394,-0.029327,0.00811463,0.0274507,-0.051534,-0.152197,-0.550611,-0.478235,0.139468,0.51356,-0.0211242,-0.486472,-0.786693,-0.529426,-0.21942,0.0625204,0.0085727,0.0134149,0.0088356,-0.0844439,-0.327663,-0.608522,-0.615831,-0.208551,0.0163099,0.0891149,0.0394915,0.0752716,0.016114,0.00144962,0.0244617,0.0558914,-0.0100142,-0.00865976,-0.0725882,-0.0834387,-0.206309,-0.0650494,0.0668027,0.21267,0.0716812,0.0196344,0.0242553,0.0223635,-0.029968,-0.00469204,-0.0357944,0.0849661,0.0457129,0.0112249,0.0353987,-0.00331222,-0.0331958,-0.0269568,-0.0233953,0.0871383,-0.0159465,0.0251256,0.0467464,0.00134581,
Correctness: 92.3891 %.
AUC: 0.978417
------------------
 !!! STOP 15 ITERATION !!! 
 !!! START 16 ITERATION !!! 
encWData.logq before: 2174
------------------
Start Enc NLGD
Enc NLGD time = 8.03354e+06 ms
------------------
encWData.logq after: 2011
----ENCRYPTED-----
w:-0.0914589,0.0159542,-0.0378759,0.0164145,0.0213712,-0.0150397,-0.0264138,0.0107514,0.100744,0.0203479,0.0175453,0.034539,0.0590396,-0.0411296,0.0188672,-0.00202268,0.0840226,0.0319763,-0.00031135,-0.00321446,-0.0479181,-0.0500858,-0.0115768,-0.0649192,0.057285,-0.00693808,0.0194554,0.0182324,0.0152142,-0.0339106,-0.0245741,-0.036742,-0.0588222,-0.474537,-0.755839,-0.710604,-0.340949,-0.0320767,0.0889099,0.0795696,0.175675,0.0107238,0.0151054,-0.00449056,-0.026037,-0.171214,-0.547351,-0.764723,-0.523787,-0.231597,-0.224641,-0.15971,0.213418,0.315474,0.295787,0.0547872,0.13735,0.012839,-6.47298e-05,-0.156506,-0.105441,0.365919,1.01589,0.762138,-0.277813,-0.79464,0.0329782,0.508298,0.481521,0.0825173,0.0243786,0.0318368,0.0761999,0.01667,0.343312,1.06088,1.50695,0.393687,-1.09963,-0.780513,0.566052,0.69036,0.351083,0.0997986,0.0400567,-0.0326214,-0.013764,0.0286957,0.283458,0.475429,0.292916,-0.252186,-0.610436,-0.157979,0.147052,0.241879,0.247436,0.00816251,0.0538017,-0.0278482,0.00761329,-0.0590914,-0.0317409,-0.0925327,0.161174,1.01652,1.05163,-0.295011,-1.04023,-0.475145,0.0337521,0.0106854,0.0590215,0.0646433,0.000153332,-0.0981996,-0.028035,0.537537,1.68933,2.09326,1.45701,-0.101504,-1.2444,-0.737186,-0.060384,-0.0348863,-0.0237421,0.0109697,-0.0304007,-0.390137,-0.152256,0.99287,1.89591,1.12494,0.492969,-0.49742,-0.878517,-0.542823,-0.0267832,0.00921856,0.028481,-0.0532747,-0.160663,-0.578665,-0.493469,0.146953,0.542518,-0.023275,-0.513911,-0.825785,-0.540872,-0.227114,0.078096,0.0112313,0.0206897,0.00939181,-0.0880937,-0.341931,-0.63763,-0.650921,-0.208435,0.0154773,0.107469,0.047066,0.0893988,0.0148967,0.00170302,0.0283588,0.0656765,-0.00949805,-0.00850695,-0.0765286,-0.0907405,-0.221458,-0.0752454,0.0693119,0.233389,0.0724756,0.0233033,0.0276118,0.0275318,-0.0363236,-0.0104269,-0.0373943,0.097639,0.0477879,0.00856397,0.0394735,-0.00506604,-0.0399498,-0.031852,-0.0249974,0.103392,-0.0162421,0.0291063,0.0530848,0.00384492,
Correctness: 92.4395 %.
AUC: 0.979048
------------------
 !!! STOP 16 ITERATION !!! 
 !!! START 17 ITERATION !!! 
encWData.logq before: 2011
------------------
Start Enc NLGD
Enc NLGD time = 8.05735e+06 ms
------------------
encWData.logq after: 1848
----ENCRYPTED-----
w:-0.0883582,0.0190878,-0.0348885,0.0216851,0.0265745,-0.0180115,-0.0264435,0.0148581,0.117283,0.0202118,0.0157059,0.0349233,0.0618179,-0.0460236,0.0192061,-0.00163741,0.0982519,0.0297497,0.00603768,-0.00268904,-0.0462379,-0.0517145,-0.00728876,-0.0694933,0.0684444,-0.0137809,0.0211987,0.0217594,0.0156434,-0.0392817,-0.02776,-0.0414982,-0.046723,-0.487866,-0.773812,-0.722388,-0.336823,-0.0324215,0.0935235,0.0789466,0.194218,0.0044049,0.0153876,0.000337183,-0.0240109,-0.178495,-0.568207,-0.785808,-0.520976,-0.241043,-0.239994,-0.167138,0.214068,0.309666,0.299415,0.0571709,0.150197,0.0123461,-0.00475147,-0.168969,-0.101451,0.382532,1.05025,0.779323,-0.283729,-0.826495,0.0324782,0.516573,0.494661,0.0776019,0.024892,0.0324926,0.0933558,0.0217378,0.366048,1.11005,1.56115,0.41635,-1.13749,-0.800292,0.590926,0.708306,0.362081,0.104086,0.0465614,-0.0327649,-0.0147443,0.029075,0.301089,0.500068,0.315521,-0.247767,-0.619275,-0.172858,0.145232,0.253488,0.257938,0.00440639,0.0541794,-0.0294525,0.0122114,-0.0650714,-0.0316709,-0.09667,0.175651,1.05051,1.09126,-0.311275,-1.06906,-0.492244,0.0393458,0.0123007,0.0699507,0.0700944,0.00674225,-0.105165,-0.0255903,0.559908,1.75548,2.16369,1.50845,-0.111971,-1.2799,-0.755804,-0.0587466,-0.037392,-0.023677,0.0136334,-0.0238075,-0.408128,-0.15569,1.03534,1.96464,1.16838,0.489789,-0.53125,-0.891882,-0.553596,-0.0232983,0.00521611,0.0259939,-0.0512128,-0.16815,-0.603066,-0.507465,0.154967,0.567276,-0.0294528,-0.540038,-0.859967,-0.552012,-0.228284,0.0953148,0.0113402,0.0293466,0.0100248,-0.0899064,-0.354355,-0.663534,-0.685944,-0.205303,0.0119779,0.122453,0.0565277,0.10019,0.016537,0.0027584,0.0299518,0.0781851,-0.00634881,-0.00786876,-0.0751388,-0.0974257,-0.236786,-0.0825517,0.0672434,0.254149,0.0734562,0.0228809,0.030012,0.0378178,-0.0454467,-0.0121455,-0.0323163,0.109481,0.0536364,0.00400338,0.0417569,-0.00629811,-0.0494484,-0.0352929,-0.0284012,0.122642,-0.0175549,0.0349744,0.0560179,0.00868594,
Correctness: 92.4899 %.
AUC: 0.979586
------------------
 !!! STOP 17 ITERATION !!! 
 !!! START 18 ITERATION !!! 
encWData.logq before: 1848
------------------
Start Enc NLGD
Enc NLGD time = 7.66783e+06 ms
------------------
encWData.logq after: 1685
----ENCRYPTED-----
w:-0.084805,0.0242105,-0.028302,0.026053,0.0320448,-0.0218598,-0.0252545,0.0158084,0.13275,0.0219033,0.016116,0.0355192,0.0608591,-0.0503248,0.0196478,0.0022662,0.112781,0.028297,0.0069682,-0.00270227,-0.0490366,-0.0545308,-0.00138883,-0.0719012,0.0781653,-0.0167894,0.0199169,0.0253105,0.0163598,-0.0426725,-0.0248527,-0.0510468,-0.0332896,-0.503051,-0.786822,-0.735005,-0.329085,-0.0331059,0.0966021,0.0788376,0.211689,-0.000235179,0.0150793,0.00235556,-0.022996,-0.189068,-0.586858,-0.812524,-0.516374,-0.248473,-0.256135,-0.175659,0.213193,0.305083,0.301784,0.0577266,0.160648,0.010006,-0.0117564,-0.180589,-0.0985142,0.398942,1.08499,0.791999,-0.287447,-0.859788,0.0342394,0.52642,0.507065,0.0695447,0.0262999,0.030493,0.112546,0.0254479,0.386095,1.15408,1.61252,0.440078,-1.17222,-0.815827,0.614135,0.731311,0.370894,0.109309,0.052108,-0.0293832,-0.018434,0.0302705,0.321106,0.525337,0.337859,-0.240573,-0.621431,-0.187256,0.143384,0.263901,0.269815,0.00343651,0.0545684,-0.0312584,0.0180523,-0.0679368,-0.0310121,-0.0997201,0.191402,1.08531,1.12629,-0.324013,-1.09411,-0.511602,0.0456164,0.0117585,0.0860339,0.0750163,0.0121539,-0.109512,-0.0223167,0.5805,1.8177,2.22629,1.55912,-0.123433,-1.31359,-0.775379,-0.057968,-0.0432447,-0.0245647,0.0223231,-0.0156474,-0.426511,-0.158467,1.07894,2.03141,1.20981,0.485237,-0.561039,-0.903065,-0.558531,-0.0194208,-0.0023883,0.0260311,-0.0514227,-0.177874,-0.628938,-0.524376,0.163113,0.591727,-0.0321817,-0.564762,-0.896683,-0.560609,-0.227056,0.115445,0.00878792,0.0345652,0.0124429,-0.0896405,-0.369331,-0.690611,-0.712693,-0.202349,0.00884504,0.137401,0.067835,0.107388,0.0210279,0.0098234,0.0322426,0.0960799,-0.00371077,-0.00485742,-0.0795213,-0.104162,-0.252259,-0.0884242,0.0639246,0.275875,0.0769019,0.0253589,0.0299907,0.0426968,-0.0579001,-0.0139564,-0.0289915,0.11962,0.0582494,0.000351731,0.0413156,-0.00453835,-0.0592758,-0.0381816,-0.0328562,0.140533,-0.0212974,0.0422392,0.0582146,0.0145153,
Correctness: 92.7923 %.
AUC: 0.980132
------------------
 !!! STOP 18 ITERATION !!! 
 !!! START 19 ITERATION !!! 
encWData.logq before: 1685
------------------
Start Enc NLGD
Enc NLGD time = 7.71773e+06 ms
------------------
encWData.logq after: 1522
----ENCRYPTED-----
w:-0.0799835,0.0269897,-0.0183612,0.0296612,0.0368503,-0.026713,-0.0231621,0.0193294,0.149124,0.0200612,0.0170357,0.035003,0.0599049,-0.0571192,0.0228697,0.00584039,0.128957,0.0244014,0.00949792,-0.00147995,-0.0537092,-0.0586542,0.00177013,-0.0733747,0.0872805,-0.0217329,0.0214045,0.0280115,0.0176105,-0.0465632,-0.0222396,-0.0598603,-0.019465,-0.516246,-0.79755,-0.744189,-0.324603,-0.0322801,0.09744,0.0775031,0.231036,-0.00370633,0.0137137,0.00879928,-0.0206454,-0.204705,-0.605843,-0.834825,-0.508243,-0.253269,-0.266735,-0.182157,0.212882,0.30217,0.305742,0.0599299,0.169123,0.0141952,-0.01788,-0.19188,-0.0935846,0.416273,1.12209,0.804749,-0.289389,-0.892273,0.0376264,0.536593,0.515662,0.0654327,0.0261596,0.0287716,0.130872,0.0296658,0.405156,1.19781,1.66398,0.463035,-1.20429,-0.83478,0.641361,0.74987,0.376452,0.113751,0.0560863,-0.0264834,-0.0198623,0.0333464,0.34777,0.547933,0.35896,-0.231529,-0.62185,-0.198003,0.1454,0.2757,0.28169,0.00319175,0.0524911,-0.0305737,0.0224243,-0.0726604,-0.0305129,-0.102602,0.209697,1.11337,1.16032,-0.337176,-1.11967,-0.532378,0.0524205,0.00917382,0.104611,0.0783313,0.0177742,-0.111922,-0.0160403,0.60306,1.87602,2.28429,1.60411,-0.134668,-1.3448,-0.790585,-0.0585736,-0.0459064,-0.0283772,0.0297403,-0.00181463,-0.441431,-0.161321,1.11848,2.09559,1.24531,0.479749,-0.590855,-0.910905,-0.564412,-0.0179304,-0.00931881,0.0305654,-0.05323,-0.185858,-0.654354,-0.538552,0.168644,0.614318,-0.0335658,-0.590967,-0.92993,-0.570222,-0.226027,0.137129,0.00458517,0.0386768,0.0191118,-0.0863661,-0.38603,-0.718221,-0.73996,-0.196551,0.00406183,0.156258,0.0766345,0.116012,0.0236767,0.0163464,0.0346458,0.115397,-0.00364637,-0.000432459,-0.0844168,-0.110799,-0.27093,-0.0929249,0.0630998,0.295128,0.0809901,0.025117,0.0337844,0.0468751,-0.0718392,-0.0157482,-0.0251923,0.128398,0.0592714,-0.00248678,0.0348815,-0.00324567,-0.0710831,-0.0417937,-0.0376727,0.157644,-0.0219108,0.0495557,0.0589895,0.0209022,
Correctness: 92.9435 %.
AUC: 0.980645
------------------
 !!! STOP 19 ITERATION !!! 
 !!! START 20 ITERATION !!! 
encWData.logq before: 1522
------------------
Start Enc NLGD
Enc NLGD time = 7.41756e+06 ms
------------------
encWData.logq after: 1359
----ENCRYPTED-----
w:-0.0750708,0.0311856,-0.00805772,0.0344487,0.0412279,-0.030312,-0.0215271,0.0260404,0.167606,0.0162707,0.0194209,0.0368377,0.0619846,-0.0662466,0.0265989,0.00515945,0.142021,0.0209003,0.0176246,0.00104622,-0.0569951,-0.0653578,0.00467396,-0.073911,0.100809,-0.0282071,0.0245568,0.0323012,0.0203673,-0.050967,-0.0186831,-0.0667206,-0.00674138,-0.5299,-0.807294,-0.749256,-0.319942,-0.0308982,0.0984331,0.0774542,0.253243,-0.00580461,0.0128571,0.0168565,-0.0168092,-0.224656,-0.622128,-0.85792,-0.498776,-0.260653,-0.278522,-0.189272,0.210212,0.296138,0.308655,0.0619264,0.18202,0.01773,-0.0225476,-0.20241,-0.0945864,0.430247,1.15594,0.814068,-0.288733,-0.92062,0.0419984,0.543645,0.523924,0.0610882,0.0285207,0.0300522,0.151807,0.0308201,0.424425,1.24289,1.71464,0.485842,-1.23551,-0.853606,0.666485,0.765299,0.386037,0.118404,0.0610035,-0.024909,-0.0195909,0.0341818,0.380354,0.56827,0.380526,-0.221675,-0.622461,-0.207081,0.147794,0.2859,0.292873,0.00706299,0.048762,-0.0284328,0.0259733,-0.0763467,-0.0293902,-0.105492,0.22877,1.13806,1.19007,-0.348345,-1.14632,-0.548101,0.0566001,0.00427586,0.123315,0.0830817,0.0240641,-0.115658,-0.0121513,0.624594,1.9327,2.3372,1.6465,-0.142715,-1.37315,-0.802698,-0.0550102,-0.0486131,-0.0310668,0.0355231,0.0101982,-0.451109,-0.163406,1.15388,2.1592,1.2776,0.475202,-0.618789,-0.916389,-0.568579,-0.0112576,-0.0162102,0.0320895,-0.0555534,-0.19161,-0.677821,-0.548521,0.168909,0.634325,-0.0341994,-0.620614,-0.961402,-0.58131,-0.222258,0.158897,0.00186671,0.0426797,0.0292833,-0.0831643,-0.403514,-0.745264,-0.765515,-0.191504,0.00254383,0.176404,0.0860215,0.126673,0.0266994,0.022199,0.0338693,0.13043,-0.00219417,0.00254798,-0.0907669,-0.119676,-0.28871,-0.100006,0.0621481,0.312828,0.0838843,0.0280333,0.0388299,0.0504184,-0.0846712,-0.0152879,-0.0229714,0.138898,0.0594674,-0.00382068,0.0295659,-0.000781563,-0.0820741,-0.0454112,-0.0402358,0.174863,-0.022526,0.0558918,0.0594946,0.0246142,
Correctness: 93.0948 %.
AUC: 0.981136
------------------
 !!! STOP 20 ITERATION !!! 
 !!! START 21 ITERATION !!! 
encWData.logq before: 1359
------------------
Start Enc NLGD
Enc NLGD time = 7.04026e+06 ms
------------------
encWData.logq after: 1196
----ENCRYPTED-----
w:-0.0690054,0.0330377,-0.000491961,0.0406023,0.0405437,-0.0328515,-0.0187854,0.0318616,0.188014,0.0153128,0.0219179,0.0347825,0.065615,-0.0718385,0.0321705,0.00248856,0.157144,0.0186553,0.0223337,0.00313977,-0.0602568,-0.0734462,0.0079925,-0.0694677,0.119419,-0.0355352,0.0280592,0.0415827,0.0243605,-0.0577859,-0.0152985,-0.0691249,0.00610886,-0.541918,-0.816757,-0.755946,-0.315366,-0.0279333,0.100122,0.0802725,0.274164,-0.00784944,0.0120766,0.0274153,-0.0143501,-0.238144,-0.636776,-0.879438,-0.489064,-0.270122,-0.289246,-0.199528,0.208006,0.286124,0.315227,0.0672947,0.195413,0.0190367,-0.0257992,-0.210198,-0.0926817,0.442588,1.18739,0.82471,-0.290595,-0.947242,0.0432485,0.546953,0.531449,0.0577076,0.0314763,0.0293324,0.172591,0.0318345,0.443703,1.28823,1.7639,0.507169,-1.267,-0.868979,0.691534,0.778553,0.394134,0.122876,0.0633103,-0.0238046,-0.017624,0.0310108,0.412701,0.588685,0.402184,-0.211709,-0.621465,-0.216981,0.151799,0.294562,0.311867,0.00749502,0.0460341,-0.022741,0.0287638,-0.0795027,-0.0258351,-0.105759,0.249139,1.16302,1.21826,-0.357806,-1.17457,-0.561755,0.0616142,-5.34266e-05,0.141769,0.0869559,0.02981,-0.115717,-0.00892318,0.645072,1.983,2.38845,1.69132,-0.147309,-1.39808,-0.816673,-0.0560135,-0.0495098,-0.0336414,0.0402923,0.0227057,-0.461981,-0.165452,1.18699,2.22075,1.30953,0.467744,-0.64734,-0.919675,-0.575076,-0.00512275,-0.0238794,0.0347347,-0.0580842,-0.200256,-0.698133,-0.556788,0.169934,0.653755,-0.0333037,-0.646245,-0.989584,-0.590481,-0.215152,0.177443,0.0020485,0.0470746,0.0387247,-0.0798174,-0.420472,-0.772124,-0.79132,-0.184928,0.00234628,0.198623,0.0992734,0.136747,0.0285754,0.0265246,0.0261236,0.144184,-0.00255107,0.00577428,-0.0976994,-0.128396,-0.306657,-0.107651,0.0580561,0.334396,0.0874809,0.0292359,0.0444755,0.0514205,-0.0977672,-0.0112195,-0.0162815,0.150652,0.0595365,-0.00331825,0.0253505,0.000936795,-0.0927151,-0.0483165,-0.0398088,0.190962,-0.023356,0.0610283,0.0582211,0.0284529,
Correctness: 93.0444 %.
AUC: 0.98159
------------------
 !!! STOP 21 ITERATION !!! 
 !!! START 22 ITERATION !!! 
encWData.logq before: 1196
------------------
Start Enc NLGD
Enc NLGD time = 6.7212e+06 ms
------------------
encWData.logq after: 1033
----ENCRYPTED-----
w:-0.064661,0.0346891,0.00322609,0.0467291,0.0418017,-0.0381639,-0.0161851,0.0361274,0.210541,0.0139259,0.0318646,0.0376601,0.0668635,-0.0748572,0.0344434,0.000147362,0.176305,0.0163073,0.0290451,0.00504944,-0.0637531,-0.0824698,0.00890388,-0.0666026,0.14052,-0.0416428,0.0314136,0.0515171,0.0301577,-0.0648578,-0.0129734,-0.0681321,0.0213014,-0.550751,-0.824071,-0.762754,-0.304215,-0.0243454,0.104166,0.0830672,0.295428,-0.0111408,0.012522,0.0339657,-0.00832935,-0.252044,-0.651476,-0.900228,-0.476281,-0.280157,-0.302553,-0.20915,0.204159,0.277372,0.322246,0.0704082,0.211025,0.0237291,-0.0283251,-0.215797,-0.0906228,0.458304,1.21704,0.836299,-0.294589,-0.970622,0.0448429,0.552313,0.539305,0.0546308,0.0329255,0.0309223,0.196661,0.0310558,0.463251,1.3324,1.80955,0.526697,-1.29122,-0.882538,0.717254,0.788981,0.402475,0.122906,0.0647354,-0.0194544,-0.0180907,0.0277446,0.446585,0.609222,0.421704,-0.197575,-0.620181,-0.228329,0.151797,0.302781,0.33132,0.0140823,0.0459017,-0.0203045,0.0301212,-0.0813472,-0.0194029,-0.103277,0.270367,1.18788,1.24562,-0.368135,-1.19837,-0.572142,0.0656606,-0.00165658,0.159737,0.0908959,0.0362514,-0.113271,-0.00285598,0.664615,2.02801,2.43645,1.73272,-0.152643,-1.41943,-0.827759,-0.0558215,-0.0473341,-0.0304213,0.040099,0.0352977,-0.476695,-0.171253,1.21843,2.28006,1.34217,0.459761,-0.674181,-0.920469,-0.580262,-0.000398491,-0.0293244,0.0362026,-0.0605339,-0.207538,-0.715183,-0.55902,0.174164,0.671798,-0.0286376,-0.672179,-1.01363,-0.595898,-0.208122,0.193928,0.0040347,0.0532163,0.0491246,-0.0795307,-0.440931,-0.795879,-0.814149,-0.1783,0.00364322,0.219893,0.11321,0.143564,0.0310738,0.03119,0.0163693,0.158819,-0.00335064,0.00945435,-0.102946,-0.139339,-0.324453,-0.117379,0.0547434,0.359995,0.0922951,0.0286013,0.0509569,0.0534123,-0.105304,-0.00706426,-0.00861015,0.164433,0.0596259,-0.00458259,0.019882,0.00118096,-0.10418,-0.0521281,-0.0411859,0.209213,-0.0248944,0.0641934,0.0595026,0.030183,
Correctness: 93.2964 %.
AUC: 0.98203
------------------
 !!! STOP 22 ITERATION !!! 
 !!! START 23 ITERATION !!! 
encWData.logq before: 1033
------------------
Start Enc NLGD
Enc NLGD time = 6.59631e+06 ms
------------------
encWData.logq after: 870
----ENCRYPTED-----
w:-0.0512854,0.0334647,0.0108502,0.050256,0.0396881,-0.0418389,-0.015499,0.0418551,0.231054,0.0112362,0.0399076,0.0413179,0.0711966,-0.0746546,0.0357693,-0.000748616,0.195638,0.0139347,0.0371346,0.0053239,-0.0730119,-0.0903702,0.0095157,-0.0660359,0.162721,-0.0475418,0.0339341,0.0613147,0.0366272,-0.0728001,-0.008341,-0.0666604,0.0410722,-0.561531,-0.8284,-0.769215,-0.291308,-0.0163726,0.106371,0.0829113,0.320525,-0.0155603,0.0129882,0.040191,0.00039437,-0.268155,-0.665575,-0.922659,-0.462121,-0.294007,-0.31839,-0.215908,0.206009,0.267493,0.32969,0.0727708,0.228404,0.0289962,-0.0249197,-0.216784,-0.0879726,0.473587,1.24413,0.846641,-0.297161,-0.992329,0.0448965,0.555274,0.549208,0.0484256,0.0341286,0.0298073,0.223505,0.0317924,0.482027,1.37006,1.85493,0.54864,-1.31227,-0.895139,0.744146,0.799871,0.408302,0.124153,0.0622017,-0.0171212,-0.0178528,0.0243589,0.485704,0.62936,0.443396,-0.183214,-0.613512,-0.239165,0.152717,0.308166,0.351762,0.0237193,0.0459075,-0.0157841,0.032446,-0.0829326,-0.0102617,-0.100211,0.290319,1.20991,1.27215,-0.380713,-1.22076,-0.585014,0.0657609,-0.00160891,0.176618,0.0925471,0.0454206,-0.111833,0.00706888,0.683306,2.07683,2.48078,1.77194,-0.16468,-1.43959,-0.836426,-0.0526801,-0.0455462,-0.0299949,0.0380205,0.0476319,-0.489799,-0.17386,1.24926,2.34255,1.36994,0.452102,-0.701144,-0.917659,-0.583117,0.00749439,-0.0335494,0.0368434,-0.0608542,-0.215395,-0.731695,-0.556405,0.179922,0.690523,-0.026902,-0.696653,-1.03305,-0.601384,-0.199377,0.211883,0.00706589,0.0591702,0.0586951,-0.0813636,-0.466008,-0.816749,-0.835784,-0.169091,0.00378267,0.242198,0.127864,0.152352,0.0317873,0.0319974,0.00992323,0.171703,-0.00744933,0.0155382,-0.105856,-0.150795,-0.341752,-0.129927,0.0525149,0.382338,0.0950755,0.0270892,0.0534828,0.053785,-0.114601,-0.00488777,-0.00393486,0.18381,0.0617762,-0.00506208,0.0152141,0.000108684,-0.114388,-0.052334,-0.0426011,0.229999,-0.0286733,0.0669287,0.0615007,0.0340333,
Correctness: 93.0948 %.
AUC: 0.982446
------------------
 !!! STOP 23 ITERATION !!! 
 !!! START 24 ITERATION !!! 
encWData.logq before: 870
------------------
Start Enc NLGD
Enc NLGD time = 6.29206e+06 ms
------------------
encWData.logq after: 707
----ENCRYPTED-----
w:-0.0359604,0.0314511,0.0178941,0.0535808,0.0363455,-0.0444329,-0.0181119,0.0502301,0.249825,0.0113022,0.0487478,0.0432016,0.0762436,-0.0760397,0.0367132,-0.000617133,0.218614,0.013391,0.0448459,0.00392671,-0.0823141,-0.0989439,0.00774183,-0.0646408,0.187632,-0.0564947,0.0367743,0.0722963,0.0393082,-0.0768528,-0.00380114,-0.0656925,0.0638496,-0.570867,-0.830678,-0.773208,-0.271605,-0.0110758,0.109733,0.0851419,0.346402,-0.0179127,0.0145092,0.0478546,0.00959115,-0.284896,-0.67716,-0.945077,-0.451138,-0.301324,-0.335659,-0.220285,0.20697,0.258761,0.334582,0.0742682,0.247282,0.0320613,-0.0224829,-0.218435,-0.0868968,0.489627,1.2717,0.857229,-0.293875,-1.01038,0.0460982,0.559913,0.560979,0.0427453,0.0310233,0.0262802,0.248726,0.0301754,0.502305,1.40872,1.90126,0.570488,-1.3278,-0.9067,0.769078,0.805129,0.41389,0.121911,0.059132,-0.0142938,-0.015962,0.0231539,0.523112,0.644173,0.461495,-0.170795,-0.611453,-0.250072,0.147478,0.310348,0.37627,0.0362804,0.0482471,-0.00894254,0.0341886,-0.0874516,0.000786775,-0.0993684,0.313865,1.23137,1.29611,-0.390849,-1.23798,-0.597455,0.0657288,-0.000697682,0.190038,0.0924345,0.0542743,-0.11336,0.0137252,0.702808,2.12538,2.52255,1.81211,-0.172424,-1.45961,-0.840874,-0.047008,-0.0451575,-0.0306816,0.0379991,0.0629862,-0.501053,-0.177373,1.28038,2.40103,1.39251,0.441821,-0.724238,-0.911985,-0.583425,0.0138108,-0.0372847,0.0382025,-0.0672185,-0.220584,-0.750425,-0.554468,0.18481,0.705915,-0.0253705,-0.718713,-1.05149,-0.608217,-0.191369,0.231208,0.011608,0.0683045,0.0720992,-0.0813281,-0.492224,-0.835138,-0.852571,-0.155096,0.00174946,0.267006,0.14136,0.161926,0.0333585,0.0323722,0.00577206,0.185775,-0.00945485,0.0222726,-0.108796,-0.159926,-0.354719,-0.146201,0.0466133,0.403315,0.0971772,0.0294586,0.057426,0.0550047,-0.127105,-0.00666162,0.00445392,0.205921,0.0604185,-0.00439984,0.00903073,0.00326634,-0.124485,-0.0515402,-0.0438517,0.251591,-0.0317466,0.0680592,0.0602467,0.0403994,
Correctness: 93.1452 %.
AUC: 0.982809
------------------
 !!! STOP 24 ITERATION !!! 
 !!! START 25 ITERATION !!! 
encWData.logq before: 707
------------------
Start Enc NLGD
Enc NLGD time = 6.41767e+06 ms
------------------
encWData.logq after: 544
----ENCRYPTED-----
w:-0.0183816,0.0275121,0.0233652,0.0544707,0.0290074,-0.0475495,-0.0192547,0.055328,0.268313,0.0125163,0.0581332,0.0402396,0.0814429,-0.0786496,0.0353369,0.00399788,0.245995,0.017721,0.0507358,0.00399159,-0.0906852,-0.107592,0.00434793,-0.064795,0.212041,-0.0662341,0.0374829,0.0802831,0.0465394,-0.0780229,0.00404052,-0.064439,0.0882435,-0.574811,-0.832182,-0.775314,-0.257719,-0.00790492,0.115037,0.0865051,0.372024,-0.0204644,0.0121988,0.0561204,0.0201031,-0.302027,-0.689783,-0.964566,-0.438071,-0.308325,-0.355013,-0.22774,0.204164,0.247247,0.339815,0.077731,0.265411,0.0369964,-0.0208645,-0.218816,-0.0864849,0.502225,1.2996,0.865475,-0.29056,-1.02585,0.0486931,0.563587,0.569985,0.0368784,0.0260175,0.0253044,0.277027,0.0297076,0.524784,1.44602,1.9425,0.595522,-1.34255,-0.916308,0.793537,0.810494,0.418617,0.121294,0.0609066,-0.0108051,-0.0152363,0.0231981,0.560553,0.660916,0.483647,-0.160075,-0.609627,-0.268502,0.142098,0.311549,0.403133,0.0475885,0.0503708,-0.00186875,0.0365338,-0.0932922,0.0101458,-0.0947724,0.340964,1.25379,1.31766,-0.399221,-1.25434,-0.606915,0.0619883,0.00325682,0.206427,0.0889691,0.0633415,-0.113029,0.0197921,0.723228,2.16983,2.55906,1.85329,-0.178701,-1.48028,-0.845901,-0.0408527,-0.0489995,-0.0283681,0.035511,0.0788121,-0.511648,-0.181107,1.31004,2.46001,1.41595,0.430225,-0.747482,-0.906525,-0.582414,0.0225388,-0.0417119,0.0386134,-0.0723488,-0.224304,-0.771288,-0.554106,0.189301,0.719486,-0.0221998,-0.738605,-1.07077,-0.613916,-0.184732,0.25439,0.0146791,0.0756914,0.0817273,-0.0854085,-0.518034,-0.851196,-0.869095,-0.14134,0.00241944,0.291432,0.156274,0.175365,0.0353533,0.0327205,0.00205206,0.202437,-0.0143967,0.0303624,-0.114177,-0.166584,-0.369804,-0.164247,0.0471353,0.427502,0.0961321,0.0347749,0.0614836,0.0533101,-0.137174,-0.00522289,0.0133413,0.231991,0.061693,0.00364038,0.00535564,0.00697875,-0.13558,-0.0485889,-0.0472311,0.278021,-0.0327366,0.0714268,0.0610916,0.0443533,
Correctness: 93.1452 %.
AUC: 0.983181
------------------
 !!! STOP 25 ITERATION !!! 
 !!! START 26 ITERATION !!! 
encWData.logq before: 544
------------------
Start Enc NLGD
Enc NLGD time = 6.1677e+06 ms
------------------
encWData.logq after: 381
----ENCRYPTED-----
w:0.00326473,0.0282921,0.0309749,0.0553738,0.024391,-0.0521627,-0.0203184,0.0617634,0.287754,0.0150913,0.0652305,0.0384898,0.0866957,-0.0796126,0.0337472,0.00745476,0.277155,0.0280463,0.0579092,0.00511336,-0.0952539,-0.117275,0.00620866,-0.0672228,0.237445,-0.0743208,0.0372191,0.0852317,0.0554672,-0.0786005,0.0112462,-0.0624879,0.11879,-0.581061,-0.833633,-0.773679,-0.243573,-0.00329077,0.1222,0.0892528,0.392956,-0.0219878,0.0114651,0.0632403,0.0236153,-0.317226,-0.703059,-0.982069,-0.425409,-0.31093,-0.375277,-0.23568,0.205254,0.237154,0.343904,0.0835245,0.284731,0.040714,-0.0173128,-0.215858,-0.0852137,0.511914,1.33095,0.873687,-0.285797,-1.03605,0.0503928,0.571042,0.57838,0.0305038,0.0173369,0.0259317,0.305658,0.031509,0.543149,1.48438,1.98403,0.62157,-1.35386,-0.929114,0.817691,0.814915,0.425352,0.121928,0.0600516,-0.00867883,-0.0117134,0.0248346,0.60041,0.674879,0.508114,-0.147068,-0.610433,-0.286664,0.133237,0.313329,0.431925,0.0587643,0.0517417,0.00125184,0.04008,-0.100876,0.0178957,-0.0901769,0.370073,1.27479,1.33852,-0.404321,-1.26759,-0.615487,0.0598228,0.00621716,0.228875,0.0855922,0.072257,-0.115531,0.0257422,0.744584,2.21182,2.59047,1.89166,-0.187238,-1.49761,-0.84641,-0.0341478,-0.0554113,-0.0256919,0.0317741,0.0959683,-0.52145,-0.183156,1.33893,2.51498,1.43703,0.422039,-0.772446,-0.89748,-0.581098,0.0306796,-0.0470777,0.0382398,-0.0776397,-0.229801,-0.789524,-0.554294,0.195057,0.736759,-0.0169368,-0.760839,-1.09168,-0.619137,-0.178186,0.281501,0.0179225,0.0813382,0.0927589,-0.0868824,-0.539827,-0.865972,-0.886856,-0.124549,0.00528557,0.319139,0.169328,0.187972,0.0382272,0.0337401,-0.000492594,0.215596,-0.0145948,0.0402774,-0.119075,-0.171587,-0.385827,-0.182144,0.0459849,0.45061,0.0931693,0.0380749,0.067938,0.0547621,-0.14639,-0.00413696,0.0230934,0.259583,0.0601969,0.0115903,0.00176635,0.0123296,-0.147589,-0.0413761,-0.0511867,0.306488,-0.031821,0.0760998,0.0624967,0.0470317,
Correctness: 92.8427 %.
AUC: 0.983527
------------------
 !!! STOP 26 ITERATION !!! 
 !!! START 27 ITERATION !!! 
encWData.logq before: 381
------------------
Start Enc NLGD
Enc NLGD time = 6.09e+06 ms
------------------
encWData.logq after: 218
----ENCRYPTED-----
w:0.0233684,0.0301345,0.0363995,0.0564642,0.0218445,-0.0557529,-0.0212095,0.064835,0.313195,0.0172427,0.0718825,0.0355175,0.0930638,-0.0824199,0.0330662,0.0122845,0.310071,0.0371966,0.0615767,0.00910436,-0.0984131,-0.124667,0.00670323,-0.0717609,0.263463,-0.0797225,0.0372388,0.090229,0.063548,-0.0793219,0.0150184,-0.0587793,0.147473,-0.587295,-0.835539,-0.77272,-0.22678,0.000271084,0.12614,0.0921208,0.415633,-0.0229184,0.0100463,0.063697,0.0280417,-0.334354,-0.711914,-0.999164,-0.409156,-0.312088,-0.392103,-0.240652,0.206122,0.226392,0.350821,0.093214,0.305904,0.0420685,-0.0160752,-0.216228,-0.0835354,0.519601,1.35887,0.883282,-0.281994,-1.04492,0.0539999,0.579817,0.584989,0.024807,0.0106214,0.0270461,0.335486,0.0349897,0.558298,1.52178,2.0236,0.644555,-1.36312,-0.94005,0.840421,0.818173,0.42986,0.121733,0.0591074,-0.00626088,-0.00430898,0.0271091,0.639075,0.690057,0.531181,-0.131132,-0.609348,-0.298329,0.123482,0.316921,0.462664,0.0688804,0.0541254,0.00101847,0.0437267,-0.112189,0.0249028,-0.0871051,0.402096,1.29462,1.36185,-0.405811,-1.28127,-0.626919,0.0612432,0.00789899,0.255227,0.078776,0.0795552,-0.118917,0.0306427,0.76572,2.25477,2.62378,1.93089,-0.196677,-1.51522,-0.845202,-0.0301009,-0.0591863,-0.0268719,0.028941,0.117258,-0.526977,-0.186767,1.36523,2.56954,1.45869,0.4144,-0.796642,-0.884505,-0.582281,0.0422605,-0.0478831,0.0381495,-0.0856161,-0.238293,-0.806303,-0.552255,0.196003,0.752411,-0.0141433,-0.783197,-1.11205,-0.626619,-0.169875,0.308654,0.0203004,0.0832939,0.102888,-0.0859017,-0.561984,-0.882454,-0.902948,-0.108365,0.00961672,0.346409,0.185046,0.198588,0.0415621,0.0340485,0.000825592,0.232953,-0.0136069,0.0507284,-0.124143,-0.178788,-0.401673,-0.197019,0.0448086,0.47581,0.0947843,0.0412693,0.072697,0.0556723,-0.155218,-0.000231334,0.0341247,0.28608,0.0584342,0.020974,0.00346621,0.0197105,-0.157643,-0.0349645,-0.0526721,0.333386,-0.0333884,0.0787493,0.0641566,0.0497703,
Correctness: 92.7419 %.
AUC: 0.983811
------------------
 !!! STOP 27 ITERATION !!! 
 !!! START 28 ITERATION !!! 
encWData.logq before: 218
------------------
Start Enc NLGD
Enc NLGD time = 5.49477e+06 ms
------------------
encWData.logq after: 55
----ENCRYPTED-----
w:0.0446989,0.0299856,0.0400645,0.0596849,0.024395,-0.0610982,-0.0206597,0.0659538,0.339705,0.0203539,0.079115,0.0356893,0.100122,-0.0860742,0.0296185,0.0171113,0.345693,0.0438548,0.0686793,0.0121389,-0.0979905,-0.131183,0.00772453,-0.0785608,0.292281,-0.0819991,0.035988,0.0958844,0.0714678,-0.0779869,0.0182031,-0.058135,0.172885,-0.594746,-0.837969,-0.770936,-0.209506,0.00161576,0.127867,0.096266,0.441583,-0.0259227,0.00886539,0.0653365,0.032719,-0.349617,-0.718452,-1.01849,-0.392747,-0.312202,-0.408286,-0.245456,0.209183,0.214286,0.354857,0.101738,0.331873,0.0427279,-0.0131393,-0.217132,-0.0848104,0.528915,1.38263,0.888067,-0.276554,-1.05548,0.0569375,0.588454,0.590064,0.0219375,0.00385401,0.02798,0.368042,0.0383242,0.568424,1.56084,2.06391,0.666507,-1.37309,-0.944118,0.862128,0.822251,0.435617,0.120179,0.0555521,-0.0060846,0.00238913,0.0301824,0.675275,0.702705,0.556833,-0.116372,-0.603707,-0.311625,0.113497,0.318508,0.494972,0.078949,0.0566434,-0.00074698,0.0477959,-0.12171,0.0338035,-0.0815491,0.433043,1.31234,1.3828,-0.408809,-1.2939,-0.637713,0.0617632,0.00540849,0.283372,0.0671459,0.0819321,-0.123577,0.0369079,0.785876,2.29487,2.65793,1.97155,-0.205652,-1.53113,-0.843625,-0.0268392,-0.0654288,-0.0300897,0.0264649,0.139466,-0.530142,-0.185901,1.39077,2.61862,1.48331,0.403344,-0.821098,-0.870745,-0.581768,0.0541474,-0.0483168,0.0410872,-0.0938171,-0.242754,-0.824943,-0.547861,0.199534,0.767696,-0.0068301,-0.807145,-1.12517,-0.633059,-0.163663,0.333793,0.0251164,0.0813143,0.11045,-0.0857052,-0.583089,-0.894522,-0.914061,-0.0895397,0.0147143,0.371369,0.201126,0.205399,0.042901,0.0341462,-0.00183177,0.250298,-0.0150391,0.0612843,-0.129347,-0.18346,-0.416007,-0.207934,0.0430935,0.50258,0.0960645,0.0475867,0.0782682,0.0574516,-0.162908,0.0017452,0.0450784,0.308944,0.0603452,0.0328365,0.0030116,0.0258032,-0.16444,-0.0286768,-0.0557983,0.361435,-0.0370654,0.0837479,0.0671156,0.0531107,
Correctness: 92.6915 %.
AUC: 0.984133
------------------
 !!! STOP 28 ITERATION !!! 
----ENCRYPTED-----
w:0.0446989,0.0299856,0.0400645,0.0596849,0.024395,-0.0610982,-0.0206597,0.0659538,0.339705,0.0203539,0.079115,0.0356893,0.100122,-0.0860742,0.0296185,0.0171113,0.345693,0.0438548,0.0686793,0.0121389,-0.0979905,-0.131183,0.00772453,-0.0785608,0.292281,-0.0819991,0.035988,0.0958844,0.0714678,-0.0779869,0.0182031,-0.058135,0.172885,-0.594746,-0.837969,-0.770936,-0.209506,0.00161576,0.127867,0.096266,0.441583,-0.0259227,0.00886539,0.0653365,0.032719,-0.349617,-0.718452,-1.01849,-0.392747,-0.312202,-0.408286,-0.245456,0.209183,0.214286,0.354857,0.101738,0.331873,0.0427279,-0.0131393,-0.217132,-0.0848104,0.528915,1.38263,0.888067,-0.276554,-1.05548,0.0569375,0.588454,0.590064,0.0219375,0.00385401,0.02798,0.368042,0.0383242,0.568424,1.56084,2.06391,0.666507,-1.37309,-0.944118,0.862128,0.822251,0.435617,0.120179,0.0555521,-0.0060846,0.00238913,0.0301824,0.675275,0.702705,0.556833,-0.116372,-0.603707,-0.311625,0.113497,0.318508,0.494972,0.078949,0.0566434,-0.00074698,0.0477959,-0.12171,0.0338035,-0.0815491,0.433043,1.31234,1.3828,-0.408809,-1.2939,-0.637713,0.0617632,0.00540849,0.283372,0.0671459,0.0819321,-0.123577,0.0369079,0.785876,2.29487,2.65793,1.97155,-0.205652,-1.53113,-0.843625,-0.0268392,-0.0654288,-0.0300897,0.0264649,0.139466,-0.530142,-0.185901,1.39077,2.61862,1.48331,0.403344,-0.821098,-0.870745,-0.581768,0.0541474,-0.0483168,0.0410872,-0.0938171,-0.242754,-0.824943,-0.547861,0.199534,0.767696,-0.0068301,-0.807145,-1.12517,-0.633059,-0.163663,0.333793,0.0251164,0.0813143,0.11045,-0.0857052,-0.583089,-0.894522,-0.914061,-0.0895397,0.0147143,0.371369,0.201126,0.205399,0.042901,0.0341462,-0.00183177,0.250298,-0.0150391,0.0612843,-0.129347,-0.18346,-0.416007,-0.207934,0.0430935,0.50258,0.0960645,0.0475867,0.0782682,0.0574516,-0.162908,0.0017452,0.0450784,0.308944,0.0603452,0.0328365,0.0030116,0.0258032,-0.16444,-0.0286768,-0.0557983,0.361435,-0.0370654,0.0837479,0.0671156,0.0531107,
Correctness: 92.6915 %.
AUC: 0.984133
------------------
-------TRUE-------
w:-0.344295,0,0,0,0,0,0,0,0,0,0,0,0,0,0,0,0,-0.00470593,-0.00627034,-0.0192312,-0.0445109,-0.0576956,-0.0703377,-0.0479905,-0.0362446,-0.0188678,0.00236262,0.00073085,0,0,-0.00528186,-0.04007,-0.18849,-0.442513,-0.653102,-0.481274,-0.095481,0.11891,0.0835978,0.0786713,0.0561668,0.0167475,0.00155988,-0.00264412,-0.0291884,-0.200534,-0.560044,-0.71891,-0.514154,-0.27091,-0.415722,-0.26237,0.0956536,0.186968,0.267965,0.08224,0.00582585,-0.0015343,-0.0337891,-0.176361,-0.110726,0.438373,0.922344,0.544517,-0.594715,-0.830004,-0.0810009,0.301961,0.421525,0.128771,0.00825653,-0.0015343,-0.0174767,0.00426273,0.379235,1.1872,1.61509,0.606444,-0.889987,-0.721212,0.242159,0.526884,0.340174,0.0777985,0.00680182,0,-0.00218822,0.024177,0.249816,0.578037,0.45136,0.00123932,-0.456095,-0.234047,0.0105379,0.218826,0.123272,0.0216744,0.00277924,-0.00173906,-0.0112351,-0.0256111,0.00697132,-0.0227561,0.0520186,0.84353,0.875435,-0.252414,-0.9593,-0.391935,-0.00924768,0.0141892,0,-0.00222831,-0.0392365,-0.150656,0.0201142,0.72307,1.70557,1.94697,1.04396,-0.250612,-1.12058,-0.594339,-0.0957357,0.0241876,0,-0.000489247,-0.108183,-0.434051,-0.108108,1.14656,1.91267,1.14323,0.150878,-0.704814,-0.858016,-0.446142,-0.0379744,0.0158348,0,-0.00229906,-0.129979,-0.620997,-0.618659,0.112021,0.550766,-0.0857808,-0.703594,-0.757507,-0.359621,-0.10137,0.0501586,0.00583632,0,0,-0.0601656,-0.370412,-0.726199,-0.724298,-0.293401,0.155186,0.221381,0.241263,0.180472,0.114653,0.0259254,0.00220405,0,0,-0.010064,-0.0673309,-0.19573,-0.287567,-0.251266,-0.0624176,0.0986967,0.0762455,0.0463135,0.010169,0.0006633,0,0,0,0,0,-0.00629209,-0.0073526,-0.0158704,-0.0127437,-0.0107156,-0.014241,-0.00881107,-0.0033058,0,0,0,
Correctness: 94.9093 %.
AUC: 0.988149
------------------
