Current Memory Usage After Scheme Generation: 1MB
Peak Memory Usage After Scheme Generation: 4MB
isYfirst = 1, number of iterations = 22, g_k = 5
factors = 197, train samples = 11982, test samples = 1984
gammaUp = 10, gammaDown = -1, isInitZero = 1
batch = 8, slots = 131072, cnum = 25
HEAAN PARAMETER logQ: 3621
HEAAN PARAMETER logN: 18
------------------
Start Scheme generating...
Scheme generation time = 204523 ms
------------------
------------------
Start Polynomial generating...
Polynomial generation time = 65.927 ms
------------------
------------------
Start Encrypting zData...
zData encryption time = 287613 ms
------------------
------------------
Start Encrypting wData and vData...
wData and vData encryption time = 194207 ms
------------------
 !!! START 1 ITERATION !!! 
encWData.logq before: 3621
------------------
Start Enc NLGD
Enc NLGD time = 7.5613e+06 ms
------------------
encWData.logq after: 3478
----ENCRYPTED-----
w:-0.0665944,-0.000408108,0.000138596,-0.000349235,-2.08159e-05,0.000325253,-9.51325e-05,-7.2916e-05,-0.00811445,-0.00076731,5.21519e-05,-8.17857e-05,0.00037433,5.30971e-05,-0.000182958,-1.82027e-05,-0.00818735,-0.000644789,-0.000657753,-0.00473205,-0.0106674,-0.0137592,-0.0140021,-0.00852287,-0.0132773,-0.00196316,0.00114966,0.000221212,-0.000218862,3.36528e-05,-0.000873692,-0.0103881,-0.0623461,-0.151847,-0.266409,-0.279365,-0.165306,-0.0249753,0.0399074,0.043348,0.013343,0.00511811,0.000575633,-0.000523548,-0.00645094,-0.0526711,-0.174229,-0.289702,-0.24827,-0.0706092,-0.0395412,-0.0282973,0.108229,0.157083,0.114562,0.0284978,-0.00568146,-0.000365969,-0.00666427,-0.0422867,-0.0553992,0.0848098,0.321285,0.290839,-0.078314,-0.256605,0.0189714,0.224844,0.172675,0.0433772,0.00317642,-0.000270546,-0.0111391,-0.00095955,0.073041,0.288396,0.426527,0.0846142,-0.382341,-0.263141,0.182406,0.256767,0.118952,0.0254738,0.00183169,0.000143728,-0.000762099,0.00421952,0.0363252,0.107427,0.0531361,-0.145035,-0.249457,-0.0287249,0.0775271,0.0746426,0.0249719,0.00567945,0.00135896,-0.000311688,-0.00184739,-0.00436119,-0.00412262,-0.0355147,0.0218548,0.313058,0.339373,-0.0694904,-0.358349,-0.151626,-0.012816,0.00233603,-0.00832936,-0.00102042,-0.0062987,-0.0276185,-0.00324731,0.149348,0.493442,0.661686,0.469384,0.00361575,-0.425539,-0.252932,-0.0445618,0.00233326,-0.000423092,-0.000135127,-0.029862,-0.0915251,-0.0367656,0.289739,0.539132,0.362648,0.22691,-0.0789332,-0.36972,-0.220368,-0.0359441,0.00115505,0.000202523,-0.000771264,-0.0279712,-0.142892,-0.16307,0.0411185,0.14667,-0.00236908,-0.109534,-0.243888,-0.235818,-0.0977687,-0.0106346,0.000526262,9.70781e-05,-0.000480769,-0.0138506,-0.0788809,-0.154447,-0.159451,-0.0933953,-0.026752,-0.036006,-0.0439661,-0.0213739,0.00354086,0.00373031,0.000415515,-0.00787655,-0.000381336,-0.00113515,-0.0112351,-0.0247285,-0.0188447,0.0133966,0.0455155,0.0384054,0.0212368,0.00888926,0.00194933,0.00073244,0.000693296,0.000340047,-4.81612e-05,-0.00811346,-0.000424686,-0.000331559,-0.000190991,-0.00029271,-0.00103201,-0.000955526,-0.000989312,-0.00896467,-0.000430103,-6.77324e-05,-0.000222637,0.000518916,
Correctness: 89.5665 %.
AUC: 0.965794
------------------
 !!! STOP 1 ITERATION !!! 
 !!! START 2 ITERATION !!! 
encWData.logq before: 3478
------------------
Start Enc NLGD
Enc NLGD time = 7.05453e+06 ms
------------------
encWData.logq after: 3315
----ENCRYPTED-----
w:-0.0372693,-0.000204052,0.000355428,9.5525e-05,-4.46377e-05,-0.000373583,0.000167259,-7.36906e-05,-0.00703175,-0.000465859,0.000101759,-0.000604897,0.000252634,0.00022517,0.000294817,-0.000425814,-0.00697943,-0.0002013,-0.000110147,-0.00211655,-0.00552037,-0.00660708,-0.0074482,-0.00441302,-0.00906713,-0.00154097,0.000482,5.39388e-05,-0.000433124,-2.8741e-05,-0.000481196,-0.00495986,-0.034416,-0.0771991,-0.134814,-0.141423,-0.084087,-0.0124656,0.0194861,0.0215161,0.00410313,0.0020378,0.000399329,-0.000321933,-0.00347858,-0.0262527,-0.0879452,-0.146969,-0.128519,-0.0359208,-0.0196674,-0.0143897,0.0550605,0.0796267,0.0574756,0.0143184,-0.00617492,-0.000458842,-0.00318828,-0.021136,-0.0276682,0.0432549,0.163009,0.147542,-0.0426272,-0.129787,0.00962154,0.113527,0.0877516,0.021961,0.00150623,-0.000166306,-0.00848714,-0.000563752,0.0371429,0.146647,0.216809,0.0429925,-0.19356,-0.133789,0.0897368,0.130255,0.0603592,0.0131414,0.00120293,-4.7562e-05,-3.52015e-06,0.00259287,0.0155858,0.0551989,0.027528,-0.0731935,-0.126698,-0.0147814,0.0384545,0.0378466,0.0104136,0.00334422,0.000989308,-0.000495025,-0.00111207,-0.00194328,-0.0021769,-0.0177595,0.00830453,0.158652,0.172203,-0.0353462,-0.181967,-0.0766103,-0.00673279,0.000832965,-0.0068227,-0.00105798,-0.00270208,-0.0143914,-0.00185898,0.0762719,0.250313,0.335268,0.234855,0.00149787,-0.215641,-0.128401,-0.0220239,0.00123341,0.00011389,-0.000101642,-0.0181044,-0.0462477,-0.0185068,0.146636,0.274159,0.184331,0.115225,-0.0406202,-0.190119,-0.111854,-0.0185911,0.000535205,0.00041703,-0.000777939,-0.0141661,-0.0730481,-0.0858574,0.0203325,0.0746212,-0.000554692,-0.0559174,-0.123814,-0.119282,-0.0492003,-0.00856241,-4.88833e-05,0.000213517,-0.00043588,-0.00723946,-0.0403588,-0.0785878,-0.0812556,-0.050814,-0.0136802,-0.0172512,-0.0217172,-0.010811,0.0018429,0.00198473,0.00019024,-0.00659625,-0.000193453,-0.000743454,-0.00580897,-0.0125643,-0.00996555,0.00707086,0.0224063,0.0166357,0.0107993,0.00490618,0.00150394,0.000666597,0.000111484,0.00022535,-0.000317049,-0.00701204,-0.000297841,-4.6288e-05,-1.1731e-05,9.45257e-05,6.37377e-05,-0.000605291,-0.000709928,-0.00722111,-0.000586364,0.000444818,0.000261847,0.000604525,
Correctness: 89.5665 %.
AUC: 0.965999
------------------
 !!! STOP 2 ITERATION !!! 
 !!! START 3 ITERATION !!! 
encWData.logq before: 3315
------------------
Start Enc NLGD
Enc NLGD time = 6.8901e+06 ms
------------------
encWData.logq after: 3152
----ENCRYPTED-----
w:-0.0627215,-0.000960049,0.000712597,-0.000184272,-1.42913e-05,-6.20578e-05,-2.20432e-05,-0.000541774,-0.0147769,-0.000963567,0.000268803,-0.00101011,0.000154758,0.000628028,0.000625698,-0.000240321,-0.0144238,-0.000728731,-0.00044056,-0.00354127,-0.0081136,-0.010093,-0.0114673,-0.00660838,-0.0185295,-0.00239584,0.00122087,-0.000358279,-0.000570321,0.000361127,-0.000976016,-0.00772156,-0.0560391,-0.114813,-0.198581,-0.205419,-0.118643,-0.0159844,0.0279191,0.0306533,0.00159005,0.00361593,0.00127566,-0.000603646,-0.00505207,-0.0398584,-0.131262,-0.215632,-0.191799,-0.0548273,-0.0350461,-0.025643,0.0765412,0.111797,0.0834443,0.021691,-0.0132635,-0.000700977,-0.0048086,-0.0323067,-0.0392841,0.0696181,0.244273,0.21457,-0.0737009,-0.195284,0.0110073,0.161713,0.128435,0.0331018,0.00247352,1.97469e-05,-0.0165008,-0.00139887,0.0590199,0.225912,0.331017,0.0702837,-0.285539,-0.199191,0.123758,0.189276,0.0903626,0.0197557,0.00191071,-0.000191209,-0.000176792,0.00375128,0.0212756,0.0870565,0.0464319,-0.102903,-0.186152,-0.0248488,0.0533795,0.0561537,0.0115208,0.00427528,0.00166982,-0.000370824,-0.00171624,-0.00290875,-0.00293924,-0.025668,0.006822,0.236491,0.25587,-0.055144,-0.270211,-0.112447,-0.0091727,0.00134124,-0.0142761,-0.000951038,-0.0042627,-0.0224111,-0.0025019,0.118034,0.379449,0.503805,0.342294,-0.00289193,-0.320517,-0.187576,-0.0321958,0.00203369,-0.000123922,-0.000516271,-0.0322961,-0.0728682,-0.0286925,0.2232,0.415997,0.27739,0.162617,-0.0694756,-0.283916,-0.16229,-0.02527,0.000880781,0.000690424,-0.00116644,-0.0223074,-0.114038,-0.137894,0.0279356,0.113689,-0.00351585,-0.093188,-0.185573,-0.170075,-0.0691323,-0.015239,-0.000260719,-0.000410483,-0.000450517,-0.0111471,-0.0634944,-0.124867,-0.130292,-0.0832506,-0.017403,-0.0188806,-0.0228588,-0.010004,0.00515654,0.00338381,0.000300566,-0.0149368,-0.000510917,-0.000819348,-0.00920964,-0.0210854,-0.019394,0.00450144,0.0316687,0.021067,0.0169018,0.00762528,0.00207543,0.000583535,-8.26781e-05,0.000467143,3.84042e-05,-0.0142104,-0.000427113,1.71845e-05,-0.000612303,-0.000264744,-6.82655e-05,-0.000916008,-0.00125537,-0.0154237,-0.000808745,0.000886048,0.000331433,0.00108324,
Correctness: 90.2218 %.
AUC: 0.96869
------------------
 !!! STOP 3 ITERATION !!! 
 !!! START 4 ITERATION !!! 
encWData.logq before: 3152
------------------
Start Enc NLGD
Enc NLGD time = 6.91154e+06 ms
------------------
encWData.logq after: 2989
----ENCRYPTED-----
w:-0.0886836,-0.00135237,0.00103779,0.000535544,-0.000314055,7.84342e-05,0.000195573,-0.000399205,-0.0243433,-0.00144878,0.000110323,-0.00157114,7.38951e-05,0.00110358,0.00136003,9.60923e-06,-0.0244173,-0.00158037,-0.000272963,-0.00480583,-0.0112124,-0.0135667,-0.0154962,-0.00889492,-0.0297925,-0.00349192,0.001983,-0.000586507,-0.000408807,0.000533433,-0.00183168,-0.00986997,-0.0782954,-0.147686,-0.252953,-0.258463,-0.145313,-0.0175041,0.0340181,0.0377348,-0.00371017,0.00454601,0.00216237,-0.000971029,-0.00610516,-0.051675,-0.169293,-0.274401,-0.247923,-0.0714377,-0.0510763,-0.036646,0.093385,0.137201,0.105385,0.0282444,-0.0225022,-0.00131883,-0.00656448,-0.0418155,-0.0486037,0.095297,0.317709,0.271031,-0.108241,-0.253509,0.0114516,0.200916,0.163826,0.042898,0.00287378,-0.000523075,-0.0270421,-0.00202447,0.0801006,0.300384,0.436344,0.0983339,-0.365084,-0.256053,0.148292,0.238967,0.116205,0.0254104,0.00223551,4.30986e-05,-0.000257866,0.00493483,0.0247488,0.118438,0.0668849,-0.124562,-0.236067,-0.0347039,0.0651841,0.0723926,0.00945524,0.00487414,0.00182965,-0.00039955,-0.00205872,-0.00421849,-0.00337524,-0.031292,0.00244009,0.306296,0.32968,-0.073289,-0.347986,-0.143537,-0.011454,0.00190519,-0.0242061,-0.00179348,-0.00577551,-0.0302052,-0.00255026,0.158382,0.497718,0.654775,0.432319,-0.008656,-0.411669,-0.238871,-0.0405412,0.00292257,-0.000547102,-0.000613886,-0.0483801,-0.0978805,-0.0375459,0.294333,0.546507,0.361724,0.199514,-0.100123,-0.367838,-0.203991,-0.0305512,0.00177005,0.00086372,-0.00138686,-0.0299946,-0.152527,-0.189314,0.0344145,0.151286,-0.00659112,-0.130956,-0.240057,-0.210301,-0.0844619,-0.0238422,-0.000883412,-0.00029158,2.4406e-05,-0.0144992,-0.0849207,-0.16939,-0.176906,-0.11599,-0.0186758,-0.016211,-0.01899,-0.00629905,0.00915605,0.00491332,0.000489624,-0.0247678,-0.000767215,-0.000862992,-0.0123251,-0.0302188,-0.0301612,-2.04057e-05,0.0383139,0.021942,0.022506,0.0104009,0.00301701,0.000698663,-0.000208906,0.000486362,0.000193917,-0.0240023,-0.00102023,0.0001889,-0.00118932,-6.759e-05,-0.000479571,-0.0011131,-0.00172013,-0.0254802,-0.00169044,0.00163423,0.000212258,0.000941564,
Correctness: 90.7762 %.
AUC: 0.970838
------------------
 !!! STOP 4 ITERATION !!! 
 !!! START 5 ITERATION !!! 
encWData.logq before: 2989
------------------
Start Enc NLGD
Enc NLGD time = 6.49788e+06 ms
------------------
encWData.logq after: 2826
----ENCRYPTED-----
w:-0.116761,-0.00233699,0.00140882,0.000786512,9.32162e-05,-0.000672579,0.000487778,-0.000172911,-0.0367172,-0.00213439,-2.21471e-05,-0.00148352,0.000488678,0.00142183,0.00223929,-0.000612488,-0.0366931,-0.00222084,-0.000258593,-0.00589558,-0.01382,-0.0170978,-0.0188903,-0.0108491,-0.0433375,-0.0051546,0.00287022,-0.000930375,-0.000329326,0.000864823,-0.00243768,-0.0120868,-0.102048,-0.176821,-0.299565,-0.303006,-0.165884,-0.0175122,0.0388822,0.0434671,-0.0118363,0.00544024,0.00289125,-0.00145536,-0.00724797,-0.0629361,-0.202767,-0.324691,-0.299448,-0.086685,-0.0682565,-0.0479893,0.105976,0.156736,0.124128,0.0336043,-0.0344903,-0.00203099,-0.00785669,-0.0510909,-0.0562531,0.12036,0.382726,0.318724,-0.145458,-0.306027,0.0111917,0.233138,0.194499,0.0510753,0.00315164,-0.000440637,-0.0398648,-0.00207993,0.100848,0.369609,0.533232,0.125464,-0.434751,-0.306407,0.163384,0.28126,0.139109,0.0303961,0.00253278,0.00017714,-0.000179334,0.00573921,0.0254952,0.148057,0.087164,-0.140768,-0.278305,-0.0447965,0.0737458,0.0864498,0.00505725,0.00529558,0.00211264,-0.000678224,-0.00262409,-0.0052615,-0.00330597,-0.0359935,-0.00580494,0.367288,0.394561,-0.0904807,-0.416303,-0.17059,-0.012722,0.00241434,-0.0364996,-0.00211803,-0.00707792,-0.0375922,-0.00265145,0.19598,0.605242,0.789341,0.506715,-0.0161075,-0.491883,-0.282889,-0.0478035,0.00381365,-0.000823556,-0.000585048,-0.0669802,-0.121328,-0.0457557,0.358877,0.665577,0.43772,0.228151,-0.131434,-0.44415,-0.239085,-0.0348817,0.00273209,0.00127521,-0.00189181,-0.0374755,-0.188511,-0.239864,0.0395874,0.185153,-0.0105896,-0.167755,-0.289109,-0.24257,-0.0962813,-0.0342946,-0.00159856,0.000172758,0.00057024,-0.0175913,-0.105205,-0.211776,-0.221417,-0.149687,-0.0181465,-0.0110103,-0.0114389,-0.000809654,0.0138766,0.00684082,0.000393838,-0.0366128,-0.00164427,-0.000934198,-0.0154561,-0.0396896,-0.041548,-0.00654371,0.0426196,0.0195196,0.0275051,0.0128969,0.00415372,0.00135774,6.67032e-05,0.000679624,0.000151094,-0.0357252,-0.00149291,1.98557e-05,-0.00181246,-0.000495072,-0.000983466,-0.00119764,-0.00182124,-0.0381041,-0.00214837,0.00246548,-0.000290788,0.00093775,
Correctness: 91.0786 %.
AUC: 0.97267
------------------
 !!! STOP 5 ITERATION !!! 
 !!! START 6 ITERATION !!! 
encWData.logq before: 2826
------------------
Start Enc NLGD
Enc NLGD time = 6.20988e+06 ms
------------------
encWData.logq after: 2663
----ENCRYPTED-----
w:-0.146422,-0.00267184,0.0019612,0.000713643,0.000505935,-0.00115353,0.00076784,0.000184019,-0.0508498,-0.0031495,0.000181718,-0.00151131,0.000715307,0.00155995,0.00275972,-0.000596175,-0.0509359,-0.00312592,0.000639897,-0.00669854,-0.015897,-0.0201721,-0.0224929,-0.0129225,-0.0589328,-0.0063337,0.00380793,-0.000908549,-5.19462e-05,0.00105153,-0.00274768,-0.0140114,-0.126628,-0.202826,-0.340642,-0.340486,-0.181595,-0.016325,0.042899,0.0481257,-0.0220264,0.00625705,0.00367254,-0.00183358,-0.00840541,-0.0730129,-0.232879,-0.368294,-0.347217,-0.100814,-0.0850866,-0.0597132,0.114955,0.172201,0.140174,0.0383924,-0.0484535,-0.00306321,-0.00910325,-0.060116,-0.0627284,0.14465,0.439936,0.359394,-0.185059,-0.353141,0.00978733,0.258693,0.220993,0.0585281,0.0025171,-0.000401053,-0.054263,-0.0021294,0.121069,0.433916,0.622344,0.152325,-0.495543,-0.351601,0.171694,0.317592,0.159048,0.034547,0.00291805,0.00031186,-2.71502e-05,0.00709387,0.0237163,0.176278,0.107795,-0.152026,-0.314692,-0.0548645,0.0800489,0.0986485,-0.00210426,0.00590933,0.00227293,-0.00112465,-0.00367523,-0.00574862,-0.00297647,-0.0394359,-0.016752,0.421162,0.452169,-0.106047,-0.476256,-0.19388,-0.0136165,0.00325974,-0.0507917,-0.00242211,-0.00864613,-0.0450238,-0.00252338,0.230865,0.702967,0.910732,0.567417,-0.0250048,-0.56264,-0.320166,-0.0534023,0.00502067,-0.00106433,-0.000661819,-0.0876506,-0.143957,-0.0527454,0.418716,0.774515,0.506331,0.249695,-0.162993,-0.513742,-0.268931,-0.0379143,0.0037431,0.00191865,-0.00187187,-0.0445424,-0.222332,-0.289712,0.0437779,0.216846,-0.0151769,-0.203914,-0.333356,-0.268406,-0.10505,-0.0466184,-0.00231591,0.00063071,0.000865364,-0.0201269,-0.124556,-0.251372,-0.263345,-0.183487,-0.0163582,-0.00380798,-0.00155256,0.00645152,0.0184424,0.00816652,0.000111844,-0.0502534,-0.00246659,-0.00105747,-0.018722,-0.0488948,-0.0534521,-0.014011,0.0452911,0.0140572,0.0324593,0.0164163,0.00486269,0.00196537,0.000353559,0.000674038,9.14711e-05,-0.0494308,-0.00211377,-0.00017625,-0.00291682,-0.000714912,-0.0011648,-0.00165101,-0.00176762,-0.0526917,-0.00254404,0.00318399,-0.000955532,0.00072321,
Correctness: 91.3306 %.
AUC: 0.974326
------------------
 !!! STOP 6 ITERATION !!! 
 !!! START 7 ITERATION !!! 
encWData.logq before: 2663
------------------
Start Enc NLGD
Enc NLGD time = 5.8547e+06 ms
------------------
encWData.logq after: 2500
----ENCRYPTED-----
w:-0.177482,-0.00347125,0.00228111,0.000947484,0.000603347,-0.00161247,0.00139399,0.000330528,-0.0669147,-0.00393362,0.000692163,-0.00155634,0.00117252,0.0013148,0.00299752,-0.000385197,-0.0673618,-0.0037742,0.00141449,-0.00732818,-0.0176649,-0.0228564,-0.0253565,-0.0149228,-0.0769833,-0.00758864,0.00454255,-0.0010994,8.36778e-05,0.00111365,-0.00309384,-0.0158043,-0.152093,-0.22604,-0.376385,-0.371854,-0.1931,-0.0138514,0.0463139,0.0517823,-0.0349575,0.00655652,0.00443123,-0.00182661,-0.00991111,-0.0820512,-0.259703,-0.406467,-0.392746,-0.113637,-0.102074,-0.072147,0.121297,0.184573,0.154277,0.042661,-0.0647011,-0.00419258,-0.0103474,-0.0685946,-0.067942,0.167292,0.490909,0.394157,-0.226643,-0.395709,0.00795103,0.27915,0.243599,0.0650267,0.0017476,-0.000534846,-0.0705459,-0.00249894,0.140704,0.494174,0.704907,0.179048,-0.548184,-0.391359,0.173941,0.348293,0.17748,0.0379899,0.00303612,0.000721495,8.96011e-05,0.00808155,0.0187944,0.203643,0.128291,-0.159349,-0.345203,-0.0648403,0.0845954,0.109714,-0.0119624,0.00613913,0.0026251,-0.00193684,-0.00438439,-0.00646598,-0.00287547,-0.0423776,-0.0306431,0.469278,0.503258,-0.120417,-0.529419,-0.214602,-0.0138813,0.00378434,-0.0666683,-0.00294346,-0.0100369,-0.0517117,-0.00208833,0.263972,0.792457,1.01978,0.616356,-0.0351227,-0.625047,-0.352493,-0.0586929,0.00575352,-0.00116772,-0.000469783,-0.109547,-0.165216,-0.0588357,0.474082,0.874195,0.568828,0.265563,-0.194443,-0.578164,-0.294355,-0.0402661,0.00459994,0.00175777,-0.00158313,-0.050574,-0.254133,-0.339164,0.0470491,0.24661,-0.0194837,-0.238798,-0.373144,-0.288583,-0.111622,-0.0603906,-0.00292205,0.000785259,0.00119532,-0.0230399,-0.14316,-0.288655,-0.302786,-0.218228,-0.0137106,0.00531445,0.0103509,0.0148454,0.0232472,0.00933087,0.000647354,-0.0658332,-0.00336586,-0.00142551,-0.0217177,-0.0572944,-0.066037,-0.0223551,0.0467489,0.00517851,0.0369265,0.0198641,0.00556192,0.00229612,0.000346633,0.00104343,0.000442253,-0.0654962,-0.00286366,-9.32409e-05,-0.004394,-0.000839115,-0.00183733,-0.00172498,-0.0017604,-0.069286,-0.00323772,0.00369606,-0.00173261,0.000362452,
Correctness: 91.381 %.
AUC: 0.975735
------------------
 !!! STOP 7 ITERATION !!! 
 !!! START 8 ITERATION !!! 
encWData.logq before: 2500
------------------
Start Enc NLGD
Enc NLGD time = 5.69198e+06 ms
------------------
encWData.logq after: 2337
----ENCRYPTED-----
w:-0.210178,-0.00378163,0.00335285,0.00125206,0.000629689,-0.00183843,0.0017192,0.000652051,-0.0856408,-0.00467623,0.0017466,-0.00173577,0.00102538,0.00126768,0.00343483,-0.000636936,-0.0859628,-0.00444149,0.00257727,-0.00804638,-0.0191509,-0.0250546,-0.0281986,-0.01686,-0.0975725,-0.00907649,0.00537193,-0.000853325,0.000682174,0.000970506,-0.00317852,-0.0177467,-0.17879,-0.247154,-0.407939,-0.397831,-0.201064,-0.0103005,0.0489764,0.0549067,-0.0504727,0.00702233,0.00502069,-0.00190569,-0.0111667,-0.0898948,-0.284482,-0.439861,-0.436263,-0.125728,-0.119061,-0.0838415,0.126124,0.193922,0.166681,0.046677,-0.083076,-0.00553569,-0.0119134,-0.0760014,-0.072343,0.188728,0.537259,0.423526,-0.269761,-0.434267,0.00594815,0.295773,0.263507,0.0706204,0.0013492,-0.000608433,-0.0890332,-0.00335726,0.159311,0.550688,0.781693,0.205748,-0.594198,-0.426139,0.170881,0.374509,0.193731,0.0411969,0.00319172,0.000668523,0.00046897,0.00969877,0.0113696,0.229595,0.148406,-0.16367,-0.370805,-0.074238,0.0872665,0.119771,-0.0246756,0.00606136,0.00280827,-0.00277907,-0.00466327,-0.00652116,-0.00284101,-0.0442121,-0.0467603,0.511862,0.548719,-0.133594,-0.576666,-0.233152,-0.0138602,0.00450026,-0.0849047,-0.0036077,-0.0112672,-0.0580165,-0.00167183,0.295971,0.875461,1.11836,0.654531,-0.0461469,-0.680194,-0.380783,-0.0630402,0.00623114,-0.00107374,-0.000417352,-0.132794,-0.185427,-0.0642353,0.525894,0.966229,0.625758,0.276947,-0.225396,-0.638583,-0.316462,-0.0414154,0.00556145,0.00171226,-0.000981409,-0.0565163,-0.283576,-0.388052,0.0496008,0.274432,-0.0234927,-0.272729,-0.409368,-0.304573,-0.116405,-0.0763943,-0.00447886,0.00105795,0.00154404,-0.0257797,-0.160216,-0.323718,-0.339447,-0.253702,-0.0102845,0.0155929,0.0232573,0.0237945,0.0284247,0.0106782,0.000764416,-0.083685,-0.004457,-0.00144549,-0.0245714,-0.0653309,-0.07864,-0.0315381,0.0463925,-0.00658719,0.0410134,0.0233703,0.00608056,0.00298732,0.000924595,0.00128393,0.00105867,-0.0838803,-0.00381219,0.000245656,-0.00587683,-0.000709623,-0.00282009,-0.00179557,-0.00175197,-0.0876297,-0.00450926,0.00409457,-0.00209152,0.000245003,
Correctness: 91.6835 %.
AUC: 0.977021
------------------
 !!! STOP 8 ITERATION !!! 
 !!! START 9 ITERATION !!! 
encWData.logq before: 2337
------------------
Start Enc NLGD
Enc NLGD time = 5.68785e+06 ms
------------------
encWData.logq after: 2174
----ENCRYPTED-----
w:-0.243943,-0.00433622,0.00424847,0.00155871,0.000752579,-0.0019335,0.00177731,0.000735951,-0.106483,-0.00520634,0.00268835,-0.00159069,0.00095936,0.00147378,0.0034749,-0.00095298,-0.107061,-0.00536985,0.00333605,-0.00909913,-0.0209933,-0.0271539,-0.0307712,-0.0183681,-0.119985,-0.0109704,0.00614134,-0.000495702,0.00133761,0.000408561,-0.00344206,-0.0200623,-0.207053,-0.266671,-0.435949,-0.419054,-0.206241,-0.00609636,0.0514636,0.0578822,-0.0686292,0.00713739,0.00550458,-0.00154889,-0.0124244,-0.0972451,-0.307617,-0.469696,-0.478871,-0.137634,-0.136195,-0.0954815,0.129712,0.201058,0.177577,0.051182,-0.102858,-0.00637686,-0.0131646,-0.0828235,-0.075754,0.209864,0.57924,0.448034,-0.314444,-0.470303,0.00310554,0.309189,0.281461,0.0755442,0.000891491,-0.000305206,-0.109457,-0.00437366,0.177442,0.603618,0.85292,0.231674,-0.634363,-0.457329,0.162467,0.396449,0.208465,0.0439374,0.00339174,0.000689087,0.000820397,0.0110174,0.00181127,0.253995,0.168281,-0.164518,-0.392849,-0.0837747,0.0883826,0.129386,-0.0395571,0.00576018,0.00341819,-0.00375423,-0.00508383,-0.00658033,-0.00264972,-0.0458802,-0.0658918,0.549697,0.589083,-0.145937,-0.619106,-0.249223,-0.0136133,0.00507857,-0.105282,-0.00451075,-0.0122203,-0.0641506,-0.00116509,0.326955,0.95266,1.20747,0.683755,-0.0572428,-0.729131,-0.405219,-0.0670793,0.00701516,-0.00113019,-0.000539213,-0.157622,-0.205053,-0.068776,0.574288,1.0517,0.677522,0.284484,-0.255762,-0.695933,-0.335436,-0.0419828,0.00632479,0.00187789,-0.000964976,-0.0623827,-0.310821,-0.437534,0.0517736,0.300438,-0.0273479,-0.305417,-0.442474,-0.317729,-0.119677,-0.0942428,-0.00561309,0.00129999,0.00152399,-0.0283707,-0.176028,-0.357135,-0.373947,-0.289456,-0.00577426,0.0270724,0.0368494,0.0337064,0.0337623,0.0116032,0.000731565,-0.103789,-0.00579438,-0.00112058,-0.0272702,-0.0735309,-0.0908138,-0.0417527,0.0453403,-0.0214796,0.0443428,0.0272046,0.00624282,0.0033501,0.00156655,0.00166127,0.00143579,-0.104339,-0.00467104,0.00103468,-0.00707435,-0.000670199,-0.00341062,-0.00159643,-0.00230264,-0.108271,-0.00600725,0.0043811,-0.00250092,4.70829e-06,
Correctness: 91.9355 %.
AUC: 0.978217
------------------
 !!! STOP 9 ITERATION !!! 
 !!! START 10 ITERATION !!! 
encWData.logq before: 2174
------------------
Start Enc NLGD
Enc NLGD time = 5.47368e+06 ms
------------------
encWData.logq after: 2011
----ENCRYPTED-----
w:-0.279637,-0.00508427,0.00511184,0.0018185,0.000783407,-0.00206809,0.00195184,0.000802665,-0.129248,-0.00602974,0.00367567,-0.00108367,0.00111629,0.00167405,0.00400213,-0.0011439,-0.130172,-0.0066471,0.00402307,-0.00958675,-0.0223524,-0.0289256,-0.0330803,-0.019928,-0.144026,-0.012899,0.00734227,-0.000868193,0.00195144,-0.000251132,-0.00399215,-0.0215786,-0.236581,-0.28515,-0.460656,-0.436947,-0.209341,-0.00147478,0.0544574,0.0610463,-0.0887208,0.0068439,0.00638818,-0.00150088,-0.0135266,-0.104347,-0.329042,-0.496577,-0.520866,-0.148696,-0.152466,-0.106634,0.13236,0.206381,0.187519,0.0549433,-0.124716,-0.00721802,-0.0140802,-0.0893566,-0.0783477,0.229722,0.617608,0.468851,-0.360881,-0.50378,-1.59537e-05,0.319204,0.297343,0.0798816,0.000837506,-0.000799463,-0.131579,-0.00568588,0.194957,0.653784,0.919109,0.257502,-0.669972,-0.485422,0.149379,0.414927,0.221892,0.0466675,0.00382942,0.000498035,0.0010958,0.0125078,-0.010575,0.277088,0.187764,-0.163374,-0.411477,-0.0928984,0.0885502,0.138536,-0.0562083,0.00513644,0.00419018,-0.00465545,-0.00556399,-0.00679067,-0.00213025,-0.0465729,-0.0875389,0.584235,0.626196,-0.15727,-0.656909,-0.264013,-0.0130001,0.00544166,-0.127994,-0.00554178,-0.0126747,-0.07037,-0.000802814,0.356667,1.02425,1.28863,0.704726,-0.0684169,-0.772684,-0.426587,-0.0704966,0.00793124,-0.00143494,-0.000306881,-0.185142,-0.224275,-0.0724652,0.619316,1.13128,0.725236,0.289269,-0.285731,-0.750457,-0.35204,-0.0418879,0.00711227,0.00224433,-0.000821173,-0.068161,-0.336693,-0.487317,0.0535568,0.325081,-0.031427,-0.336781,-0.47196,-0.328343,-0.121879,-0.113554,-0.00689237,0.00146722,0.00151543,-0.0308246,-0.191693,-0.388606,-0.406937,-0.32569,-0.00075812,0.0389266,0.0509151,0.0435572,0.0395131,0.0128199,0.0004376,-0.125811,-0.00714278,-0.000829855,-0.0302093,-0.0813058,-0.103163,-0.0525353,0.0437482,-0.0390005,0.0469216,0.031252,0.00675571,0.00395058,0.00187302,0.00210383,0.00171815,-0.126264,-0.00550134,0.00153219,-0.00790732,-0.000569383,-0.00396804,-0.00131968,-0.00310247,-0.131421,-0.00793239,0.00492624,-0.00264393,0.000114872,
Correctness: 92.0363 %.
AUC: 0.979263
------------------
 !!! STOP 10 ITERATION !!! 
 !!! START 11 ITERATION !!! 
encWData.logq before: 2011
------------------
Start Enc NLGD
Enc NLGD time = 5.31232e+06 ms
------------------
encWData.logq after: 1848
----ENCRYPTED-----
w:-0.317221,-0.00589756,0.0059222,0.00171055,0.000648089,-0.00216897,0.00234311,0.000871839,-0.154112,-0.00703527,0.00490015,-0.000835625,0.00118763,0.00220365,0.00437937,-0.00136488,-0.155222,-0.0079078,0.00411027,-0.00978631,-0.0237522,-0.0310287,-0.0352586,-0.0219694,-0.170263,-0.0148803,0.00795693,-0.00113999,0.00206864,-0.000465912,-0.00486436,-0.0229587,-0.267888,-0.301587,-0.482261,-0.451999,-0.209895,0.00373027,0.0574132,0.0637839,-0.11164,0.00637286,0.00754358,-0.00185483,-0.0140898,-0.111346,-0.349018,-0.520652,-0.562306,-0.159257,-0.16844,-0.117541,0.133773,0.209445,0.19646,0.0578352,-0.148497,-0.00857007,-0.0151066,-0.0953903,-0.0806537,0.2484,0.652479,0.486438,-0.409447,-0.535186,-0.00301457,0.326419,0.311165,0.0847066,0.000999014,-0.00101823,-0.155939,-0.0072637,0.212048,0.700925,0.98149,0.28265,-0.701479,-0.510674,0.132534,0.430775,0.234628,0.0489212,0.00389361,0.000623387,0.00158267,0.0133535,-0.0250687,0.298763,0.207567,-0.159989,-0.427379,-0.101793,0.0875587,0.147112,-0.075894,0.00407853,0.00504476,-0.00526149,-0.006102,-0.00700012,-0.00168482,-0.0472619,-0.111539,0.615039,0.660093,-0.16758,-0.6908,-0.276717,-0.0125967,0.00578059,-0.15284,-0.00689962,-0.0130989,-0.0763054,-0.000174932,0.385506,1.09123,1.3628,0.717931,-0.0803087,-0.812037,-0.445656,-0.0733247,0.00891026,-0.00135025,3.99224e-05,-0.214784,-0.242821,-0.0759677,0.661371,1.20529,0.76947,0.291257,-0.314995,-0.803279,-0.365933,-0.0415583,0.00759324,0.00245101,-0.000508081,-0.0729957,-0.360539,-0.537136,0.0550734,0.348349,-0.0348593,-0.367087,-0.499062,-0.336495,-0.123219,-0.135021,-0.00783597,0.00183677,0.0017424,-0.0328176,-0.206631,-0.418264,-0.437838,-0.362675,0.0047797,0.0504168,0.0652483,0.0532884,0.0452567,0.0141743,0.000231388,-0.149891,-0.00791427,-0.000250396,-0.0331278,-0.0890466,-0.115251,-0.0638576,0.0412044,-0.0587926,0.0489732,0.0347429,0.00764127,0.00415936,0.00190263,0.00246118,0.00170705,-0.150572,-0.00638942,0.0018439,-0.00881535,-0.000822412,-0.00414425,-0.000709847,-0.00402337,-0.156446,-0.00966365,0.00587725,-0.00292682,0.000388326,
Correctness: 91.8347 %.
AUC: 0.980194
------------------
 !!! STOP 11 ITERATION !!! 
 !!! START 12 ITERATION !!! 
encWData.logq before: 1848
------------------
Start Enc NLGD
Enc NLGD time = 4.94427e+06 ms
------------------
encWData.logq after: 1685
----ENCRYPTED-----
w:-0.356293,-0.00682804,0.00681304,0.00159353,0.00128422,-0.00238695,0.00291458,0.00092277,-0.180926,-0.00811931,0.00587592,-0.000765465,0.00135978,0.00256736,0.00487378,-0.0011273,-0.182494,-0.0090844,0.00434463,-0.0101,-0.0253848,-0.033153,-0.0369496,-0.0240421,-0.198381,-0.0168703,0.00884955,-0.000760349,0.00234446,-0.000194922,-0.00539539,-0.0241031,-0.301401,-0.316792,-0.501496,-0.464128,-0.209161,0.00955319,0.0600755,0.0662404,-0.136807,0.00508524,0.00808695,-0.00229802,-0.0144936,-0.117778,-0.367948,-0.542664,-0.604057,-0.16933,-0.184113,-0.128379,0.134768,0.211639,0.204139,0.0601167,-0.174739,-0.0102424,-0.0155915,-0.101109,-0.0828075,0.266381,0.683864,0.501179,-0.459479,-0.5644,-0.006094,0.331929,0.322969,0.0893707,0.00115556,-0.00114069,-0.182549,-0.00872849,0.228482,0.745609,1.04043,0.307418,-0.729568,-0.53357,0.111797,0.443944,0.246467,0.0512876,0.00366563,0.000639149,0.00182491,0.0143928,-0.0416545,0.319365,0.2266,-0.154922,-0.440736,-0.111106,0.0857822,0.154389,-0.097869,0.0032145,0.00592745,-0.00592611,-0.00659695,-0.00677063,-0.000786954,-0.0474273,-0.137648,0.642849,0.690397,-0.177333,-0.721079,-0.288279,-0.0120486,0.00575778,-0.179539,-0.00830539,-0.0136776,-0.0817012,0.000733112,0.413475,1.15349,1.43089,0.724094,-0.0919981,-0.848213,-0.46271,-0.0753879,0.0091646,-0.00108794,-0.000260036,-0.245821,-0.260446,-0.0787,0.701703,1.27424,0.81048,0.29069,-0.343617,-0.854347,-0.37876,-0.0408772,0.00831117,0.00249241,-2.37702e-05,-0.0777295,-0.383418,-0.587665,0.0565806,0.370284,-0.0384473,-0.396119,-0.524644,-0.342614,-0.124356,-0.158652,-0.00879531,0.00195568,0.00149294,-0.0348164,-0.220465,-0.44673,-0.466707,-0.400698,0.010865,0.0627825,0.0794686,0.0628293,0.0506946,0.0149647,-0.000211538,-0.175943,-0.00889355,0.000565015,-0.0358698,-0.0963857,-0.12707,-0.0757368,0.0376574,-0.0815182,0.0505487,0.0383296,0.00829921,0.00453027,0.00193122,0.00321759,0.00210781,-0.177231,-0.00712368,0.00218686,-0.00979347,-0.000966193,-0.00426262,-0.000326764,-0.00470542,-0.183453,-0.0110778,0.00745276,-0.00268911,0.000603434,
Correctness: 91.8851 %.
AUC: 0.981018
------------------
 !!! STOP 12 ITERATION !!! 
 !!! START 13 ITERATION !!! 
encWData.logq before: 1685
------------------
Start Enc NLGD
Enc NLGD time = 4.91894e+06 ms
------------------
encWData.logq after: 1522
----ENCRYPTED-----
w:-0.397496,-0.00801047,0.00758351,0.00123362,0.00162699,-0.00238649,0.00306347,0.00102561,-0.209706,-0.00908327,0.00706488,-0.000173579,0.00125774,0.00318425,0.00486976,-0.000803717,-0.211173,-0.0102381,0.00472776,-0.0104818,-0.0271925,-0.0352564,-0.0378237,-0.0259785,-0.228134,-0.0187768,0.00989087,-0.000852833,0.00259893,0.000155557,-0.00639804,-0.024968,-0.336239,-0.331648,-0.51904,-0.474388,-0.206272,0.0158822,0.0624262,0.0681366,-0.164073,0.00385006,0.00898773,-0.00257386,-0.0153323,-0.124221,-0.385712,-0.562425,-0.646251,-0.179114,-0.199715,-0.138483,0.135207,0.212843,0.210739,0.0626586,-0.203008,-0.0116919,-0.015996,-0.106898,-0.0844507,0.28293,0.712543,0.513714,-0.510913,-0.591763,-0.00938967,0.336182,0.333802,0.0937581,0.000980956,-0.0014317,-0.211084,-0.0106885,0.244586,0.787886,1.09635,0.331475,-0.754522,-0.553758,0.0870128,0.45497,0.257671,0.0531524,0.00342745,0.000908641,0.00208554,0.0153605,-0.0606064,0.339045,0.245737,-0.148182,-0.451652,-0.119964,0.0833647,0.161284,-0.122029,0.00252652,0.00686559,-0.00671414,-0.0067981,-0.00661514,0.000280972,-0.0474143,-0.165279,0.667838,0.718309,-0.186916,-0.748538,-0.298176,-0.0117486,0.00567365,-0.20862,-0.00988453,-0.0136004,-0.0870109,0.00170985,0.439801,1.21202,1.49381,0.724285,-0.103851,-0.88064,-0.478324,-0.0771452,0.00968497,-0.000275776,-0.000385942,-0.279406,-0.277514,-0.0812104,0.740213,1.33856,0.848734,0.288343,-0.371941,-0.904858,-0.390188,-0.040308,0.00901113,0.00297362,0.00031219,-0.0820385,-0.405516,-0.638539,0.0583634,0.391129,-0.0419322,-0.424097,-0.548429,-0.34733,-0.125591,-0.184312,-0.0103209,0.00202947,0.00109494,-0.0366254,-0.233735,-0.473383,-0.493767,-0.439195,0.0171955,0.0754037,0.0935678,0.0730204,0.0558109,0.0156168,-0.000514269,-0.204134,-0.0101025,0.00117309,-0.0385286,-0.103715,-0.13941,-0.0877779,0.0335268,-0.106888,0.0519874,0.0415027,0.00867249,0.0046062,0.00198035,0.00379825,0.00264489,-0.206207,-0.00766675,0.00259823,-0.010666,-0.00131266,-0.00428664,-0.000328825,-0.00517353,-0.212494,-0.0125047,0.00945667,-0.00238287,0.000990059,
Correctness: 91.7339 %.
AUC: 0.981744
------------------
 !!! STOP 13 ITERATION !!! 
 !!! START 14 ITERATION !!! 
encWData.logq before: 1522
------------------
Start Enc NLGD
Enc NLGD time = 4.77033e+06 ms
------------------
encWData.logq after: 1359
----ENCRYPTED-----
w:-0.440551,-0.00928961,0.00831945,0.00116323,0.00199549,-0.00198225,0.00341159,0.00105854,-0.24072,-0.00990604,0.00855336,-8.73518e-05,0.00136931,0.00348911,0.0044779,-0.000877203,-0.241916,-0.0114727,0.00535038,-0.0114626,-0.0293502,-0.037076,-0.0387155,-0.0281916,-0.25988,-0.0206156,0.0110424,-0.00101583,0.00219769,0.000777066,-0.00693006,-0.025512,-0.373079,-0.346146,-0.534742,-0.48313,-0.201959,0.0227821,0.0646939,0.0698396,-0.193267,0.00235826,0.0098531,-0.00306722,-0.0164255,-0.130321,-0.402378,-0.580355,-0.689079,-0.188633,-0.214799,-0.148596,0.135369,0.213365,0.216415,0.0648828,-0.232789,-0.0135947,-0.0160973,-0.112623,-0.0862528,0.298851,0.739089,0.524057,-0.564139,-0.617852,-0.0125213,0.339278,0.343662,0.0979946,0.00121954,-0.00169538,-0.241747,-0.012536,0.259708,0.828589,1.14907,0.354942,-0.776478,-0.572672,0.0584161,0.464164,0.267953,0.0550634,0.0030198,0.00142983,0.00221747,0.016513,-0.0818342,0.357899,0.264007,-0.140416,-0.460515,-0.128502,0.080605,0.167731,-0.148596,0.00169412,0.00775873,-0.00725917,-0.00706987,-0.00641697,0.000991975,-0.0467511,-0.195674,0.690107,0.743935,-0.195978,-0.773831,-0.307289,-0.011846,0.00532872,-0.239409,-0.0113987,-0.013505,-0.0922386,0.0028879,0.465654,1.26705,1.55166,0.719309,-0.116042,-0.91063,-0.492092,-0.0791396,0.0101931,0.000692634,-0.000721009,-0.314644,-0.294387,-0.0830574,0.7772,1.39909,0.884137,0.284525,-0.399351,-0.95543,-0.400837,-0.039819,0.0098712,0.00360351,0.000432686,-0.0857404,-0.426685,-0.690303,0.0604888,0.41108,-0.0457252,-0.451123,-0.570928,-0.350974,-0.126194,-0.211586,-0.0119695,0.00271734,0.000866502,-0.0386409,-0.246199,-0.498516,-0.519338,-0.478819,0.023942,0.088423,0.107738,0.083316,0.0606312,0.0163106,-0.000239785,-0.23418,-0.0114136,0.00189844,-0.041273,-0.110858,-0.151707,-0.0997984,0.0294719,-0.134704,0.0528351,0.0444987,0.00904875,0.00454419,0.00154968,0.003573,0.00279484,-0.23702,-0.0085962,0.00318155,-0.0119843,-0.00148997,-0.0043267,-0.000872336,-0.00553646,-0.243611,-0.0141104,0.0108472,-0.00203464,0.0017218,
Correctness: 91.6331 %.
AUC: 0.982392
------------------
 !!! STOP 14 ITERATION !!! 
 !!! START 15 ITERATION !!! 
encWData.logq before: 1359
------------------
Start Enc NLGD
Enc NLGD time = 4.71999e+06 ms
------------------
encWData.logq after: 1196
----ENCRYPTED-----
w:-0.485165,-0.01102,0.00897985,0.000782988,0.00207141,-0.00237871,0.00361655,0.0012759,-0.273729,-0.010873,0.00963559,-4.07252e-06,0.00164507,0.00392909,0.00400593,-0.000532788,-0.274296,-0.0129993,0.00663516,-0.0124086,-0.0308741,-0.0389189,-0.0401813,-0.0300531,-0.29388,-0.022183,0.0122917,-0.00103171,0.00178216,0.00140662,-0.0077476,-0.0262322,-0.411875,-0.360052,-0.548649,-0.490515,-0.197008,0.029903,0.0667753,0.0710071,-0.225129,0.000962908,0.0107059,-0.00360271,-0.0174427,-0.136268,-0.418254,-0.596897,-0.732549,-0.197918,-0.229576,-0.158255,0.135301,0.212954,0.221755,0.0668829,-0.264963,-0.0152578,-0.016311,-0.118564,-0.0877174,0.313982,0.763521,0.532844,-0.619123,-0.642277,-0.0157507,0.340731,0.35249,0.102006,0.00121904,-0.00203098,-0.274598,-0.0142662,0.27423,0.866721,1.19916,0.377914,-0.796514,-0.590088,0.0269963,0.471728,0.278093,0.0568265,0.00264552,0.00182804,0.00211814,0.017704,-0.104886,0.376299,0.282143,-0.131898,-0.467306,-0.137368,0.077523,0.173798,-0.177005,0.00077707,0.00863702,-0.00825585,-0.00645631,-0.00607686,0.00188071,-0.0462459,-0.228196,0.710268,0.767317,-0.204383,-0.796999,-0.316214,-0.0118514,0.00509668,-0.272494,-0.012864,-0.0135699,-0.0971579,0.00387679,0.490481,1.31915,1.6057,0.70923,-0.128706,-0.937314,-0.50439,-0.0809941,0.0107998,0.00148343,-0.000629254,-0.35167,-0.3111,-0.0839762,0.813062,1.4566,0.91741,0.279553,-0.426024,-1.00579,-0.410472,-0.0393988,0.0108535,0.00431962,0.000208058,-0.0895874,-0.446852,-0.743277,0.062282,0.429712,-0.0490807,-0.476618,-0.591192,-0.35344,-0.125987,-0.240792,-0.0134651,0.00388596,0.000490376,-0.0406694,-0.258137,-0.522484,-0.543986,-0.519589,0.0312144,0.101397,0.121273,0.0930362,0.0657092,0.0173876,0.000240388,-0.26596,-0.0128895,0.00243152,-0.0439477,-0.118533,-0.163908,-0.111605,0.0249264,-0.165211,0.0534306,0.0475101,0.00912915,0.00464858,0.00135253,0.00328916,0.00265916,-0.26963,-0.00979694,0.00402669,-0.0133456,-0.0015061,-0.0047264,-0.00178693,-0.00628842,-0.276767,-0.0158613,0.0125134,-0.00176958,0.00225286,
Correctness: 91.5827 %.
AUC: 0.982938
------------------
 !!! STOP 15 ITERATION !!! 
 !!! START 16 ITERATION !!! 
encWData.logq before: 1196
------------------
Start Enc NLGD
Enc NLGD time = 4.29916e+06 ms
------------------
encWData.logq after: 1033
----ENCRYPTED-----
w:-0.531427,-0.0127092,0.00982932,0.000943931,0.00209392,-0.00275739,0.00414005,0.0020149,-0.309123,-0.0121255,0.0114228,9.1878e-05,0.00119434,0.00431241,0.00408254,-0.000112207,-0.308741,-0.0142804,0.00796364,-0.0131252,-0.0327498,-0.0405024,-0.0415067,-0.0317348,-0.329968,-0.0242422,0.0133197,-0.00128329,0.00134477,0.00216693,-0.0084179,-0.0268366,-0.452342,-0.373287,-0.561639,-0.496142,-0.191512,0.0379444,0.0690187,0.0721739,-0.258967,-0.000612095,0.0118887,-0.00394936,-0.0177926,-0.142365,-0.433386,-0.611676,-0.776674,-0.206858,-0.24375,-0.167812,0.135039,0.211961,0.226542,0.0687606,-0.29977,-0.016602,-0.0162077,-0.12435,-0.0886525,0.328295,0.786009,0.5395,-0.675629,-0.665401,-0.0188472,0.341156,0.360878,0.105906,0.0012188,-0.00262727,-0.309427,-0.0161394,0.288451,0.903305,1.24692,0.400351,-0.813715,-0.605773,-0.0069716,0.478062,0.288048,0.0585798,0.00237164,0.00230269,0.00205446,0.0190645,-0.130363,0.394478,0.29995,-0.122373,-0.472256,-0.145414,0.073979,0.179976,-0.207721,-0.000224549,0.00959533,-0.00942867,-0.00593121,-0.00586556,0.00286633,-0.0457599,-0.262851,0.72893,0.789053,-0.211897,-0.818471,-0.324156,-0.011717,0.00507194,-0.307387,-0.01396,-0.0134314,-0.101941,0.00489236,0.514923,1.36859,1.65564,0.693936,-0.141461,-0.961041,-0.51547,-0.0822772,0.0112111,0.00209352,-0.00113771,-0.390605,-0.327487,-0.0844293,0.847347,1.51136,0.948715,0.273766,-0.45167,-1.05644,-0.418689,-0.0381404,0.0118728,0.00495053,2.48673e-05,-0.0942268,-0.466229,-0.796884,0.0640502,0.447448,-0.0521395,-0.501171,-0.610184,-0.354772,-0.125867,-0.272649,-0.0156533,0.00490401,0.000444817,-0.0429137,-0.269264,-0.545355,-0.567156,-0.561905,0.0382947,0.114476,0.134384,0.102427,0.0707124,0.0184859,0.00131829,-0.299978,-0.0141771,0.00303776,-0.0473649,-0.126548,-0.17553,-0.123378,0.0202789,-0.197867,0.0535841,0.0505905,0.00913123,0.00488743,0.00106977,0.00263871,0.00255487,-0.304234,-0.01159,0.00485918,-0.0143564,-0.00123721,-0.00500299,-0.00270919,-0.00656936,-0.312541,-0.0178594,0.0139846,-0.00152855,0.00271661,
Correctness: 91.129 %.
AUC: 0.983459
------------------
 !!! STOP 16 ITERATION !!! 
 !!! START 17 ITERATION !!! 
encWData.logq before: 1033
------------------
Start Enc NLGD
Enc NLGD time = 4.13448e+06 ms
------------------
encWData.logq after: 870
----ENCRYPTED-----
w:-0.579855,-0.0142833,0.0108153,0.000926125,0.00205065,-0.00288713,0.00455578,0.00324242,-0.34658,-0.0138436,0.0136199,0.000103923,0.001106,0.00464737,0.00439059,0.000107479,-0.345598,-0.0156107,0.00922073,-0.0139697,-0.034273,-0.0422554,-0.0427319,-0.0330287,-0.368281,-0.0261507,0.0148482,-0.00154274,0.00117898,0.00280915,-0.00944274,-0.027189,-0.494544,-0.385715,-0.57338,-0.500947,-0.186075,0.0455131,0.0711301,0.0735933,-0.295215,-0.00220807,0.0133599,-0.00461718,-0.0184673,-0.148375,-0.447645,-0.625294,-0.822068,-0.215639,-0.257762,-0.176815,0.13499,0.210852,0.230937,0.0701062,-0.336252,-0.0180794,-0.0160828,-0.130087,-0.0899822,0.342188,0.806971,0.545098,-0.733964,-0.687518,-0.0218822,0.341261,0.368277,0.109146,0.00156424,-0.00321683,-0.346389,-0.0181821,0.30235,0.93823,1.29233,0.422553,-0.828706,-0.620189,-0.0438238,0.482966,0.297754,0.0597388,0.00216681,0.0025745,0.00238358,0.0204498,-0.157856,0.41212,0.317867,-0.112494,-0.475754,-0.15323,0.069445,0.185489,-0.240331,-0.000904236,0.0106813,-0.0104528,-0.00617328,-0.00544334,0.00369441,-0.0453666,-0.299637,0.746035,0.809238,-0.218457,-0.83842,-0.33162,-0.0117928,0.00568028,-0.344296,-0.01579,-0.0128976,-0.106985,0.00611701,0.539382,1.41543,1.70224,0.674577,-0.154162,-0.982787,-0.525984,-0.0834443,0.0119571,0.00242457,-0.00123031,-0.431671,-0.343507,-0.084457,0.879908,1.56316,0.97816,0.267103,-0.476377,-1.10776,-0.426178,-0.0372028,0.0127566,0.005327,0.000192855,-0.0983734,-0.484421,-0.851505,0.0657533,0.464437,-0.0549781,-0.524869,-0.628009,-0.355737,-0.125579,-0.306452,-0.0174869,0.00595513,0.000146371,-0.0448821,-0.279656,-0.566739,-0.588593,-0.605706,0.0455638,0.127278,0.147177,0.111612,0.0761458,0.019729,0.00200627,-0.335916,-0.0152782,0.00366157,-0.0508644,-0.133998,-0.186696,-0.134987,0.0152279,-0.232901,0.053298,0.0536214,0.00913645,0.00511436,0.000735175,0.00227944,0.0021589,-0.340281,-0.0130945,0.00618076,-0.0147327,-0.00152652,-0.00545733,-0.00351467,-0.00685489,-0.35049,-0.0203601,0.0158835,-0.000737266,0.00292485,
Correctness: 90.877 %.
AUC: 0.983916
------------------
 !!! STOP 17 ITERATION !!! 
 !!! START 18 ITERATION !!! 
encWData.logq before: 870
------------------
Start Enc NLGD
Enc NLGD time = 4.31487e+06 ms
------------------
encWData.logq after: 707
----ENCRYPTED-----
w:-0.630412,-0.0156172,0.0120519,0.000713428,0.0024034,-0.00324053,0.00525959,0.00386833,-0.385725,-0.0153912,0.0158314,0.000334448,0.00110617,0.00495074,0.00437162,0.000606413,-0.384236,-0.0171032,0.010317,-0.014513,-0.0356875,-0.0441622,-0.0442196,-0.0341261,-0.408655,-0.0283156,0.0164656,-0.00180908,0.000799468,0.00325279,-0.0102868,-0.0277144,-0.538402,-0.39771,-0.584081,-0.503776,-0.179589,0.0536304,0.0731765,0.0752556,-0.333384,-0.00383275,0.0151397,-0.00484293,-0.0191868,-0.154051,-0.461261,-0.638211,-0.868822,-0.224526,-0.271822,-0.186071,0.134423,0.209691,0.2352,0.0720147,-0.374705,-0.0195014,-0.0154222,-0.135096,-0.091094,0.355407,0.826534,0.549944,-0.793775,-0.708953,-0.0245519,0.340635,0.375263,0.11248,0.00218185,-0.00368606,-0.385366,-0.0199419,0.31579,0.97184,1.3359,0.44461,-0.84224,-0.63331,-0.0835277,0.487297,0.306884,0.0612705,0.00210707,0.00274083,0.00326756,0.0216233,-0.187466,0.428754,0.335499,-0.102119,-0.478159,-0.160602,0.0649714,0.190778,-0.275317,-0.00189145,0.0117806,-0.0113916,-0.00665609,-0.00529865,0.0047004,-0.0450855,-0.338361,0.761985,0.827709,-0.224937,-0.856844,-0.338772,-0.0115202,0.00611538,-0.38364,-0.0175397,-0.0120315,-0.111977,0.00746171,0.563022,1.45934,1.74538,0.651552,-0.166648,-1.00285,-0.535933,-0.0840823,0.0128041,0.00278292,-0.00198726,-0.474335,-0.35878,-0.0842649,0.911048,1.61226,1.00576,0.259126,-0.500905,-1.16033,-0.433744,-0.0358879,0.0132389,0.00539216,-4.35479e-05,-0.102281,-0.501917,-0.906916,0.0672403,0.480426,-0.0579433,-0.54765,-0.644965,-0.356476,-0.124929,-0.342826,-0.019779,0.00708311,-0.000285776,-0.0464507,-0.290362,-0.587512,-0.608992,-0.650849,0.053042,0.140135,0.159583,0.121037,0.0816124,0.0211245,0.00262915,-0.374331,-0.0165149,0.00459618,-0.054321,-0.140964,-0.197687,-0.146558,0.00956324,-0.270411,0.0527432,0.0569882,0.00854059,0.00545621,0.000658926,0.00227833,0.00148985,-0.378358,-0.0146554,0.00799105,-0.0148538,-0.00156686,-0.00562656,-0.00453426,-0.00714766,-0.390527,-0.0226043,0.0173779,0.000102775,0.0032921,
Correctness: 90.7762 %.
AUC: 0.984277
------------------
 !!! STOP 18 ITERATION !!! 
 !!! START 19 ITERATION !!! 
encWData.logq before: 707
------------------
Start Enc NLGD
Enc NLGD time = 4.04927e+06 ms
------------------
encWData.logq after: 544
----ENCRYPTED-----
w:-0.682632,-0.0174714,0.013346,0.000245386,0.00259773,-0.00351776,0.0057045,0.00419683,-0.427067,-0.0174063,0.0182104,0.000583657,0.000744608,0.00522178,0.00452762,0.000828802,-0.42533,-0.0189291,0.0115523,-0.0158269,-0.037187,-0.0458504,-0.0458589,-0.0351002,-0.450971,-0.0303065,0.0175648,-0.00237053,0.000539898,0.00351299,-0.0109722,-0.0285438,-0.584204,-0.409275,-0.593934,-0.505906,-0.172287,0.06199,0.0753121,0.0764063,-0.373291,-0.00513639,0.0167536,-0.00504564,-0.0196585,-0.159358,-0.474456,-0.650394,-0.916723,-0.233256,-0.285493,-0.194976,0.133484,0.208661,0.23888,0.0739845,-0.415551,-0.0210021,-0.0148722,-0.139923,-0.0920919,0.368153,0.844806,0.553479,-0.855537,-0.729255,-0.0273761,0.339147,0.381626,0.115688,0.00320876,-0.00376447,-0.4265,-0.021984,0.329399,1.00419,1.37792,0.466099,-0.854078,-0.645296,-0.125718,0.490868,0.31594,0.0628706,0.00187022,0.00255275,0.00398645,0.0231111,-0.219309,0.44511,0.353337,-0.0911014,-0.479179,-0.167526,0.0606283,0.195689,-0.31198,-0.00305524,0.0131878,-0.0121912,-0.00690909,-0.00563414,0.00541567,-0.044494,-0.379577,0.776429,0.84466,-0.230874,-0.8742,-0.345705,-0.0112063,0.00669971,-0.424712,-0.019209,-0.0107823,-0.11684,0.00912567,0.585738,1.50112,1.78586,0.624322,-0.178913,-1.02111,-0.545329,-0.0844219,0.013497,0.00335109,-0.00275438,-0.519133,-0.374187,-0.0842526,0.941343,1.65906,1.03222,0.25076,-0.525158,-1.2141,-0.441395,-0.0337833,0.0135409,0.00568946,0.000261813,-0.10646,-0.518791,-0.963642,0.0684946,0.49542,-0.0605564,-0.56971,-0.661006,-0.356705,-0.123776,-0.380847,-0.0219046,0.00861081,-0.000978997,-0.0486232,-0.300443,-0.607555,-0.628202,-0.6977,0.0603516,0.153138,0.171424,0.130136,0.0865459,0.0224784,0.00349839,-0.414757,-0.017286,0.00613669,-0.0571044,-0.147682,-0.208562,-0.15797,0.00421305,-0.310053,0.0518125,0.0598767,0.00823741,0.00557099,0.000772299,0.00223857,0.000859387,-0.418814,-0.0161346,0.00939151,-0.0149832,-0.00171971,-0.00547685,-0.00561068,-0.00707171,-0.432655,-0.025006,0.0195575,0.000712708,0.00387085,
Correctness: 90.4738 %.
AUC: 0.984555
------------------
 !!! STOP 19 ITERATION !!! 
 !!! START 20 ITERATION !!! 
encWData.logq before: 544
------------------
Start Enc NLGD
Enc NLGD time = 3.79015e+06 ms
------------------
encWData.logq after: 381
----ENCRYPTED-----
w:-0.736802,-0.0191506,0.0142722,-0.000506543,0.00230748,-0.00366755,0.00563635,0.00460249,-0.470362,-0.0193058,0.020795,0.00130963,0.000579636,0.00617518,0.00450778,0.000968071,-0.468283,-0.0203785,0.0130621,-0.0168981,-0.0381024,-0.0469416,-0.046927,-0.0361058,-0.494923,-0.0324191,0.0187099,-0.00273005,0.000210596,0.00377134,-0.0116692,-0.0288271,-0.631765,-0.420446,-0.602652,-0.507435,-0.164925,0.070363,0.0777487,0.0777733,-0.415126,-0.00655164,0.0179354,-0.00543651,-0.0206192,-0.164661,-0.487249,-0.661957,-0.966141,-0.241688,-0.298403,-0.203507,0.132468,0.207475,0.242215,0.0763623,-0.458756,-0.0230618,-0.0134724,-0.144854,-0.0926689,0.380491,0.86159,0.556963,-0.919332,-0.748577,-0.0300346,0.337772,0.387602,0.118853,0.00394218,-0.00408238,-0.470114,-0.0238991,0.342881,1.03561,1.418,0.487241,-0.864001,-0.655827,-0.170349,0.493618,0.324494,0.0644284,0.00165786,0.00287645,0.0048649,0.0238594,-0.253759,0.460842,0.370635,-0.0801007,-0.479261,-0.173759,0.0557801,0.200529,-0.351001,-0.00413929,0.0144395,-0.0129536,-0.00736221,-0.00582238,0.00553386,-0.0435388,-0.422716,0.789331,0.860713,-0.236436,-0.890287,-0.3524,-0.0109213,0.00708944,-0.467578,-0.0204157,-0.0091012,-0.121598,0.0105106,0.608073,1.54124,1.82389,0.593733,-0.191466,-1.0381,-0.554323,-0.0855064,0.0143074,0.00403976,-0.00325394,-0.566162,-0.389353,-0.0836894,0.970269,1.70388,1.05773,0.242123,-0.549178,-1.26906,-0.448452,-0.0319341,0.0136748,0.00612161,0.000679026,-0.110325,-0.534568,-1.02161,0.0695689,0.510551,-0.0632165,-0.590474,-0.676353,-0.357032,-0.122319,-0.421152,-0.0244969,0.010057,-0.00121477,-0.0509589,-0.310525,-0.626976,-0.646424,-0.745861,0.0673176,0.165684,0.183105,0.139352,0.0913693,0.0235272,0.00403597,-0.457166,-0.0185842,0.0077804,-0.0600952,-0.154153,-0.219283,-0.168993,-0.00186378,-0.35221,0.0504358,0.0629924,0.00809024,0.00569969,0.0015041,0.00253988,3.49512e-05,-0.461094,-0.0179963,0.0110748,-0.0155129,-0.00191999,-0.00489045,-0.00720528,-0.00685208,-0.477138,-0.0275273,0.0216792,0.00127509,0.00462916,
Correctness: 89.9194 %.
AUC: 0.984832
------------------
 !!! STOP 20 ITERATION !!! 
 !!! START 21 ITERATION !!! 
encWData.logq before: 381
------------------
Start Enc NLGD
Enc NLGD time = 3.82108e+06 ms
------------------
encWData.logq after: 218
----ENCRYPTED-----
w:-0.792788,-0.0213212,0.0152196,-0.00116004,0.00202181,-0.00384062,0.0056495,0.005459,-0.515534,-0.0213924,0.0231546,0.0020664,0.00059145,0.00711419,0.00476025,0.00167896,-0.513726,-0.0221791,0.0147469,-0.0178468,-0.039375,-0.0477199,-0.0479058,-0.0370411,-0.540714,-0.0344958,0.0200241,-0.00282902,-6.35287e-05,0.00335262,-0.0122295,-0.0293577,-0.68122,-0.431352,-0.610952,-0.508518,-0.157012,0.0782715,0.0802049,0.0789419,-0.459189,-0.00845386,0.0191725,-0.00558199,-0.0216454,-0.169726,-0.499139,-0.672753,-1.01685,-0.250325,-0.311122,-0.211154,0.131247,0.205933,0.245135,0.0785725,-0.504262,-0.0253307,-0.0120801,-0.149739,-0.0930536,0.392286,0.877421,0.559326,-0.984632,-0.767201,-0.0326521,0.335818,0.392881,0.121814,0.00487942,-0.00435928,-0.515445,-0.0258549,0.355853,1.06561,1.45646,0.507949,-0.872894,-0.665482,-0.217658,0.495686,0.332589,0.0654717,0.00186562,0.00325765,0.00579499,0.0248956,-0.290127,0.475821,0.387679,-0.0685466,-0.478781,-0.180034,0.0507818,0.205485,-0.392223,-0.00526043,0.0155613,-0.0136456,-0.00779604,-0.00568937,0.00573332,-0.0428012,-0.467798,0.801349,0.875671,-0.241994,-0.905063,-0.358856,-0.010657,0.00765565,-0.512478,-0.0216955,-0.00776376,-0.126328,0.0122171,0.629828,1.57983,1.85949,0.559813,-0.204261,-1.05325,-0.563136,-0.0863258,0.0151011,0.00475685,-0.00415869,-0.615137,-0.404227,-0.0832693,0.997853,1.74645,1.0819,0.232855,-0.572552,-1.32471,-0.455357,-0.0299125,0.0138922,0.00735114,0.000984029,-0.114047,-0.549982,-1.08145,0.0706181,0.525221,-0.0659148,-0.610397,-0.691091,-0.357616,-0.120627,-0.463919,-0.0267531,0.0116361,-0.00170175,-0.0532135,-0.320418,-0.645731,-0.663801,-0.795573,0.0741625,0.178242,0.194651,0.148595,0.0959265,0.0241559,0.00483774,-0.501497,-0.0196704,0.00952288,-0.0626244,-0.160977,-0.229537,-0.179957,-0.00761313,-0.396931,0.0483345,0.0665157,0.00768813,0.00585729,0.00238469,0.00258505,-0.000967694,-0.505665,-0.0200713,0.012732,-0.0161611,-0.00218936,-0.0043233,-0.00830115,-0.00694893,-0.523558,-0.0298187,0.0240188,0.00121128,0.00541387,
Correctness: 89.5161 %.
AUC: 0.985024
------------------
 !!! STOP 21 ITERATION !!! 
 !!! START 22 ITERATION !!! 
encWData.logq before: 218
------------------
Start Enc NLGD
Enc NLGD time = 3.87471e+06 ms
------------------
encWData.logq after: 55
----ENCRYPTED-----
w:-0.851181,-0.0233359,0.016497,-0.00228996,0.0022577,-0.0041061,0.0058127,0.00630904,-0.56267,-0.0230796,0.0252764,0.00264176,3.18892e-05,0.00763973,0.0052418,0.00250878,-0.56105,-0.024756,0.0164276,-0.0186077,-0.0404037,-0.0485077,-0.0486503,-0.0380642,-0.588477,-0.0368327,0.0218727,-0.00298791,-0.000480634,0.0030362,-0.0128959,-0.0298715,-0.73326,-0.441904,-0.618747,-0.508633,-0.148699,0.0863119,0.0822679,0.0799795,-0.505785,-0.010302,0.0204584,-0.00549787,-0.0224183,-0.174636,-0.510908,-0.682801,-1.06869,-0.259175,-0.323299,-0.218589,0.130169,0.204354,0.248555,0.0805508,-0.551726,-0.0275885,-0.0104253,-0.154563,-0.0932735,0.403685,0.892412,0.561079,-1.05159,-0.785192,-0.0350121,0.333613,0.397782,0.12458,0.00539208,-0.00466935,-0.562662,-0.0279388,0.368931,1.09472,1.49311,0.52857,-0.880299,-0.674381,-0.267541,0.497033,0.340483,0.0666726,0.00213433,0.00379613,0.00671112,0.0260353,-0.328753,0.490468,0.404228,-0.0569503,-0.477785,-0.186134,0.0450556,0.210504,-0.435511,-0.00659291,0.0165765,-0.0144301,-0.0085785,-0.00543981,0.00588417,-0.0414017,-0.514749,0.812674,0.88958,-0.24723,-0.918752,-0.365353,-0.00997807,0.00833528,-0.559433,-0.0233851,-0.00665405,-0.1306,0.0138947,0.650922,1.61665,1.89345,0.522485,-0.216196,-1.0674,-0.57137,-0.0871723,0.0159285,0.0055242,-0.00492182,-0.665732,-0.418389,-0.0825139,1.02438,1.78734,1.10472,0.223155,-0.595337,-1.38129,-0.46235,-0.027558,0.0145253,0.00874238,0.00114271,-0.117822,-0.564676,-1.1423,0.0718006,0.539213,-0.0688449,-0.629211,-0.704839,-0.358168,-0.11879,-0.50904,-0.0284449,0.0131122,-0.00215526,-0.0555874,-0.329714,-0.663757,-0.679755,-0.847181,0.0807677,0.191052,0.205512,0.157554,0.100637,0.0247293,0.00519013,-0.548152,-0.0209201,0.0115495,-0.0651358,-0.167183,-0.239285,-0.191117,-0.0136504,-0.443676,0.0463225,0.0697826,0.00696312,0.00620122,0.00294084,0.00300443,-0.00208469,-0.552283,-0.0221548,0.0147313,-0.016822,-0.00303284,-0.00400543,-0.00869821,-0.00750258,-0.572156,-0.0318363,0.0265444,0.00137328,0.00627359,
Correctness: 89.0121 %.
AUC: 0.98518
------------------
 !!! STOP 22 ITERATION !!! 
----ENCRYPTED-----
w:-0.851181,-0.0233359,0.016497,-0.00228996,0.0022577,-0.0041061,0.0058127,0.00630904,-0.56267,-0.0230796,0.0252764,0.00264176,3.18892e-05,0.00763973,0.0052418,0.00250878,-0.56105,-0.024756,0.0164276,-0.0186077,-0.0404037,-0.0485077,-0.0486503,-0.0380642,-0.588477,-0.0368327,0.0218727,-0.00298791,-0.000480634,0.0030362,-0.0128959,-0.0298715,-0.73326,-0.441904,-0.618747,-0.508633,-0.148699,0.0863119,0.0822679,0.0799795,-0.505785,-0.010302,0.0204584,-0.00549787,-0.0224183,-0.174636,-0.510908,-0.682801,-1.06869,-0.259175,-0.323299,-0.218589,0.130169,0.204354,0.248555,0.0805508,-0.551726,-0.0275885,-0.0104253,-0.154563,-0.0932735,0.403685,0.892412,0.561079,-1.05159,-0.785192,-0.0350121,0.333613,0.397782,0.12458,0.00539208,-0.00466935,-0.562662,-0.0279388,0.368931,1.09472,1.49311,0.52857,-0.880299,-0.674381,-0.267541,0.497033,0.340483,0.0666726,0.00213433,0.00379613,0.00671112,0.0260353,-0.328753,0.490468,0.404228,-0.0569503,-0.477785,-0.186134,0.0450556,0.210504,-0.435511,-0.00659291,0.0165765,-0.0144301,-0.0085785,-0.00543981,0.00588417,-0.0414017,-0.514749,0.812674,0.88958,-0.24723,-0.918752,-0.365353,-0.00997807,0.00833528,-0.559433,-0.0233851,-0.00665405,-0.1306,0.0138947,0.650922,1.61665,1.89345,0.522485,-0.216196,-1.0674,-0.57137,-0.0871723,0.0159285,0.0055242,-0.00492182,-0.665732,-0.418389,-0.0825139,1.02438,1.78734,1.10472,0.223155,-0.595337,-1.38129,-0.46235,-0.027558,0.0145253,0.00874238,0.00114271,-0.117822,-0.564676,-1.1423,0.0718006,0.539213,-0.0688449,-0.629211,-0.704839,-0.358168,-0.11879,-0.50904,-0.0284449,0.0131122,-0.00215526,-0.0555874,-0.329714,-0.663757,-0.679755,-0.847181,0.0807677,0.191052,0.205512,0.157554,0.100637,0.0247293,0.00519013,-0.548152,-0.0209201,0.0115495,-0.0651358,-0.167183,-0.239285,-0.191117,-0.0136504,-0.443676,0.0463225,0.0697826,0.00696312,0.00620122,0.00294084,0.00300443,-0.00208469,-0.552283,-0.0221548,0.0147313,-0.016822,-0.00303284,-0.00400543,-0.00869821,-0.00750258,-0.572156,-0.0318363,0.0265444,0.00137328,0.00627359,
Correctness: 89.0121 %.
AUC: 0.98518
------------------
-------TRUE-------
w:-0.284011,0,0,0,0,0,0,0,0,0,0,0,0,0,0,0,0,-0.0037289,-0.00510896,-0.0164095,-0.0381486,-0.0494138,-0.0592059,-0.0396499,-0.0294778,-0.0148764,0.0019887,0.000642908,0,0,-0.0043079,-0.0341027,-0.163308,-0.393066,-0.598666,-0.472757,-0.134235,0.0787603,0.0716444,0.0725429,0.0507204,0.0148678,0.0014215,-0.00223756,-0.0246354,-0.172188,-0.490127,-0.653322,-0.477575,-0.233275,-0.340349,-0.219647,0.103346,0.190053,0.244906,0.0735234,0.00533617,-0.00126295,-0.0280507,-0.148417,-0.0989153,0.383552,0.840859,0.527669,-0.484199,-0.733859,-0.0597178,0.306169,0.385379,0.114658,0.00746545,-0.00126295,-0.0141977,0.00430883,0.324506,1.0358,1.4178,0.501896,-0.83346,-0.658371,0.254546,0.497829,0.304498,0.0691939,0.00615065,0,-0.00199736,0.0200509,0.210816,0.492949,0.375541,-0.0553548,-0.453043,-0.194309,0.0367434,0.195818,0.10695,0.0189936,0.00254845,-0.00139732,-0.00935604,-0.0211037,0.00400882,-0.0321398,0.0490903,0.773929,0.806751,-0.227343,-0.874688,-0.354007,-0.0108635,0.0115422,0,-0.00185402,-0.0328068,-0.126412,0.0120348,0.611399,1.51379,1.76901,0.994062,-0.197315,-1.02509,-0.544006,-0.0868122,0.0193538,0,-0.000456697,-0.0922892,-0.371796,-0.10402,0.99223,1.69233,1.0246,0.196047,-0.585319,-0.790983,-0.413263,-0.0389053,0.0126924,0,-0.00207949,-0.112341,-0.540569,-0.551782,0.0943716,0.489098,-0.0720966,-0.601799,-0.67586,-0.345117,-0.102847,0.039992,0.00482847,0,0,-0.0521463,-0.320153,-0.634654,-0.644026,-0.27287,0.106237,0.168412,0.192688,0.145433,0.0929504,0.0219063,0.00193981,0,0,-0.00838469,-0.0562855,-0.161447,-0.232832,-0.191517,-0.0270333,0.101362,0.0723327,0.0401683,0.00933167,0.000902276,0,0,0,0,0,-0.00488282,-0.00558839,-0.0119626,-0.0098197,-0.00827472,-0.0109818,-0.00680493,-0.00259811,0,0,0,
Correctness: 94.7077 %.
AUC: 0.986681
------------------
